3.63470124130166	0.000177
4.423352554690574	0.000458
4.232737882493948	0.008044
3.888211378318134	0.002469
3.3856937125023214	0.000211
3.9712966658624045	0.010807
4.3569893415599505	0.008181
4.103617030215872	0.000488
4.147877256084075	0.001227
4.091041595550527	0.000288
3.9767206842713576	0.00793
4.07229280892624	0.001437
4.066180239042352	0.000762
3.8556066408966427	0.000335
3.763041700955266	0.000257
3.8389173915781845	0.001233
3.5693325227020574	0.00021
3.6736820201360785	0.00011
4.310371466765025	0.000552
4.494972773627576	0.006012
3.8811159358837246	0.000226
3.8369844389196306	0.000459
4.252367607812666	0.001008
3.9600466814944064	0.005533
4.259335934978739	0.007012
4.458740219634053	0.044009
4.016058819354552	0.003455
3.6393971183890192	0.002092
3.838602591215191	0.003546
4.282633918433429	0.000299
4.216300765719764	0.043782
4.189915593350519	0.003927
4.036602109824346	0.003584
4.244800148510228	0.000975
3.778847271388267	0.002345
3.8968294121018086	0.000139
3.6258001846120624	0.000637
3.7598133937929177	0.001173
3.870188134329241	0.000742
3.968589932944369	0.000243
3.7127768827058003	0.000222
4.155057562667816	0.000871
4.565044977619341	0.097133
3.9006763646861984	0.003622
3.764507238190184	0.000424
3.649503663981518	0.001442
4.113293254943348	0.006013
4.008177169222676	0.000598
4.00494717223286	0.000607
3.918953757581562	0.00387
4.114371821774856	0.001177
3.9208753168316064	0.005625
3.786235987258598	0.000527
4.382945564517767	0.174613
4.202465003045645	0.002068
3.7400218260329265	0.000644
4.0805951062739965	0.003179
3.9053031711146904	0.000277
4.13333793757724	0.000223
4.155068292117479	0.002653
4.303862470520467	0.000684
4.036491158117104	0.00298
4.254428268949855	0.000202
4.104404799846169	0.000333
4.1038484548914695	0.002138
4.593108975508621	0.002527
4.187882554492972	0.001049
4.229418409024112	0.001077
3.989588763788825	0.019499
4.283313179940041	0.01988
4.243516625516412	0.004174
4.1970901365642055	0.001865
4.057576295314578	0.004764
4.183520822342997	0.041593
3.966157550666078	0.021516
4.16427246732268	0.000332
3.956020822206678	0.001569
4.0566508360689255	0.000398
4.167835983389975	0.000324
4.238037719019442	0.000569
4.125201931733308	0.000954
3.927245752697923	0.002463
4.256389679275889	0.000857
4.434889515781032	0.001133
4.0608542659798985	0.001466
3.878893601016548	0.000247
4.140916142655691	0.000248
3.947336757272606	0.000758
4.019552919174914	0.000235
4.126051593662923	0.024799
4.347142196671611	0.0103
4.049323332212717	0.00094
4.0519680313312465	0.000547
3.9977427618022516	0.000905
4.300280208530681	0.001681
3.928269907641826	0.002412
3.851003173675727	0.006326
4.034523489171908	0.001002
3.8924987689613073	0.003883
4.124586450993573	0.002424
3.989102153453387	0.000554
3.996727352596969	0.000421
3.739346863923184	0.000582
3.9712419328785775	0.006975
4.089890719900763	0.001266
4.255749057937464	0.009237
4.039208253130332	0.000538
3.9750820826202906	0.002209
4.247068176735943	0.01528
3.683129059683635	0.00064
3.384600911393925	0.000711
4.24817658357482	0.001212
4.1081144301727655	0.000941
4.15703372972785	0.014432
4.300075143523978	0.001822
4.146598293718004	0.022895
3.877882415019533	0.000202
3.8571035936757623	0.000235
3.870519835684615	0.001706
4.170455381362476	0.005871
4.191170879089537	0.000381
4.359588325550445	0.002184
3.8877181365674636	0.000421
3.7530499656461553	0.000385
3.977742493592895	0.001252
3.9997827967087	0.000663
4.209514496333788	0.00246
4.028121662253235	0.003757
4.190300209969162	0.001023
3.837678579613279	0.000708
3.8776155937720977	0.000703
4.318593212965869	0.000794
4.269452616810602	0.003633
4.077298879490598	0.009723
4.24122317913478	0.001769
3.965822970346477	0.000249
4.213389326985548	0.000623
4.569785013345054	0.000776
3.7435903571573337	0.00172
4.167902779179664	0.000405
4.128410733773928	0.003815
4.08494650353833	0.000556
4.014426756599126	0.001378
4.138968667281368	0.00439
4.179685929843669	0.002298
3.9614918074681174	0.003389
4.163699011847667	0.015798
4.129039861023399	0.000421
3.762028972074119	0.000436
3.966894361536144	0.000973
4.622107107635173	0.113716
4.283387287430158	0.007622
3.9367793843212193	0.000192
4.259006505773289	0.000271
3.7121514562028453	0.000367
3.487653174015901	0.000179
4.334058208408691	0.007126
3.952628065752908	0.0027
4.080393211392749	0.000585
3.9508796280604632	0.000317
3.707185334675668	0.002216
3.9443106606445775	0.000472
4.290337015612435	0.003484
4.32438387215032	0.000756
3.790607937284325	0.001117
4.09697631181389	0.002092
4.495296458510122	0.001663
4.1075391352076975	0.000388
4.31198471012552	0.013869
4.147738902511419	0.001111
4.3287504833019135	0.045082
4.149671392575112	0.014752
4.0372113564352174	0.000499
4.1819734223744645	0.000235
4.24706192628073	0.000818
4.28916421302843	0.00121
4.136316716327755	0.001786
3.6330761364992874	0.000735
4.001342961537788	0.000192
3.904037479743031	0.004054
3.404382367404851	0.001913
3.9515542473075804	0.003663
4.1272709086685015	0.004107
3.744792101771631	0.000244
3.8897114250341076	0.002387
4.36160818321237	0.000579
4.276755940629794	0.004524
3.827642971386989	0.00032
3.781854330932576	0.001284
3.2444293083536597	0.000206
4.181678750272304	0.000348
4.262493397297564	0.003506
4.106911991667723	0.000213
4.072424977350628	0.000463
3.9307184888578046	0.001091
4.212777644955068	0.000479
4.083180054630787	0.00042
3.8795380754895175	0.000405
3.7188788347067665	0.00212
4.103452420375567	0.003265
4.157589533178286	0.000452
3.693909982339525	0.003003
4.147452831928438	0.000879
4.296152924241518	0.012151
3.706144354932626	0.000791
4.058684596029862	0.003395
4.2504675782120405	0.00266
3.899145362300084	0.000446
4.01657642890222	0.00259
3.7147254410932886	0.002636
3.9841991568997357	0.003158
4.380435259715301	0.01242
3.880603150917026	0.000988
3.986550130873778	0.000212
4.112545869729355	0.000895
3.5330295184305784	0.000562
4.169574298445512	0.000408
4.2150272483514195	0.050478
4.367584815896061	0.009427
4.180805218515599	0.006106
4.017757201702351	0.000603
4.222395558403692	0.047884
3.7504342112787183	0.000166
4.1303791918487125	0.000415
4.165647219208582	0.171865
4.133613958994208	0.000363
4.223741460778893	0.026807
3.7610571255760896	0.000308
4.298801824798818	0.000225
4.508828299930406	0.001082
4.030001966320997	0.000498
4.043652193598894	0.126383
4.278382680838984	0.00059
4.05523767531072	0.003484
3.7946726027291775	0.000838
4.16492864269019	0.019462
3.8870484752360075	0.000478
4.025064680698972	0.007566
3.8036571249049613	0.002178
3.746185969656841	0.001011
4.216712332493708	0.01079
3.930151841671711	0.007816
3.9516056305683716	0.006238
3.9300337796311196	0.000233
4.156748856447122	0.002923
3.6830836683710744	0.000579
4.1526859760685815	0.000793
4.423890559171552	0.000243
3.8657503245852025	0.000264
4.388342575626875	0.003028
4.1225830534971175	0.001496
4.191179418021024	0.035658
3.9640994528431355	0.000633
3.6197611507774896	0.00613
3.7461811995027094	0.000217
4.2224386639623255	0.000325
4.006130734198427	0.000333
4.182356585904671	0.008145
3.6156309467089995	0.000199
3.4832500941656	0.004338
3.7512275020999826	0.013122
3.9820751367707894	0.000495
4.181686208912972	0.00088
4.2578247506435325	0.004217
3.9504027457963646	0.000432
4.011231946653214	0.002387
4.208854788927954	0.001084
4.211285639205314	0.000279
4.157129502924425	0.000616
4.261454659771	0.000509
4.065386240724793	0.002478
4.242909980314087	0.000508
4.143939254197446	0.005543
4.30454936210138	0.000605
3.8135154400667797	0.000295
4.045030556437162	0.002007
4.082598313289669	0.025789
3.880409620815926	0.001974
3.814243943299696	0.000369
4.010149181105282	0.012868
4.151069271419856	0.054703
4.409348394354737	0.072824
4.005496352430465	0.019781
3.9427727547276064	0.000853
4.079640060087902	0.002189
4.17281644803998	0.000485
3.9374223431180613	0.006126
3.8689632192201997	0.000272
4.406721559511063	0.007944
4.2100911137718535	0.000338
3.6251114834745395	0.000172
3.8740387795008386	0.000744
3.990063232404359	0.000826
3.959857695696249	0.005955
4.315478643955397	0.001121
4.057858276027077	0.000279
3.8342760705994183	0.000429
3.837758744358572	0.005168
3.739988802294553	0.000128
3.8754607485838086	0.000147
4.02447225616644	0.001749
4.375312601966738	0.00033
4.060983917349835	0.000253
4.278417255625438	0.001007
3.784689055326527	0.001766
4.047732306947692	0.000305
4.315396702307741	0.17186
4.2454385956599205	0.006923
3.8493785967720675	0.000349
3.929445507555215	0.000556
4.415078078265643	0.024586
4.378587459648054	0.00048
4.120428894037172	0.002521
4.1206110497769135	0.001313
4.003270893696083	0.000156
4.108957738242828	0.008471
4.192151596496929	0.002124
4.044437141411056	0.002321
4.267591045059781	0.000349
3.9764358490849308	0.000592
4.1524185180749456	0.098013
3.555691860227362	0.000172
4.2151080607261155	0.012611
4.019255547704562	0.000777
3.6487672014172245	0.000154
4.026616222240931	0.007895
3.997222583500283	0.009308
4.106440121739936	0.005873
4.139985219363614	0.018738
4.132788017229093	0.000449
3.9864067431937666	0.000292
4.250809056617803	0.00403
4.376996551392917	0.00206
4.003419552220934	0.002058
4.203615810666116	0.000285
3.95119382977465	0.002957
3.868724945437489	0.000493
4.1072787766642085	0.000317
3.863557810676698	0.001003
3.9825396296912037	0.000799
3.971363872542465	0.000432
4.047365018541244	0.00277
4.021652655862505	0.00037
3.422490075535906	0.000986
4.1238395827950916	0.002876
3.8999300107855217	0.047554
3.9321005252330363	0.000336
4.0097298726918424	0.000664
4.372874548834891	0.03049
4.012828280858927	0.001465
3.765758722497601	0.000261
4.114620612758497	0.000274
4.519045163201653	0.204328
4.295430693233312	0.000397
3.330579240179194	0.002376
3.7443539140979154	0.000535
4.34555775928437	0.001184
4.5986260378109645	0.163508
3.9346018285107003	0.000514
4.340299259574454	0.020441
3.8030893811001527	0.000462
4.265462018037671	0.004832
4.040681760581376	0.001575
3.9050411499548328	0.008289
4.208406059563011	0.005299
4.187879272800775	0.005688
3.791514024744488	0.000546
4.0791596485062795	0.001262
4.451149236086404	0.007364
4.270127655112039	0.001487
3.8918658130691366	0.001364
4.225859227730279	0.014143
4.373035134110111	0.002273
4.173853996428238	0.003762
3.98424818909656	0.000186
4.417916900694025	0.002532
3.680051922657441	0.000217
4.056490920195698	0.000342
4.101240711556807	0.001808
3.945929640165575	0.000471
4.073817650657478	0.00144
4.245783222424735	0.006941
3.925667054191984	0.00624
3.915791446194564	0.001785
4.348327554589786	0.000679
3.966121384013348	0.000166
3.933631952118165	0.008819
3.9469736430938305	0.00103
4.168699694557296	0.000634
4.3560141616683286	0.001685
4.077399926252814	0.000519
4.308382347084453	0.012271
3.8896340140807504	0.004946
4.146255601683637	0.000296
3.902176754266344	0.00025
4.140340646328184	0.008101
4.084389510952681	0.000513
3.934846861601734	0.002389
3.9804797767338482	0.023231
4.139603030002179	0.000933
4.242284942936646	0.001375
3.76242009765341	0.019789
3.9537100829878975	0.001479
3.9317791587617568	0.000691
4.474288095516711	0.03474
4.284889769562647	0.13081
3.7702311913837367	0.000243
4.2355804029495925	0.010123
3.7709834555993487	0.001572
3.921847759259189	0.001605
3.8082782931310493	0.00038
4.194887206136765	0.001361
4.147576096786123	0.177443
4.2320425798730925	0.004814
3.865703142764729	0.002619
3.981670478967757	0.000776
4.06689833392028	0.001202
3.972073355016465	0.001357
4.205357423741745	0.000479
4.1468190025494875	0.000604
3.7444097409781096	0.000594
3.7911309428491236	0.000184
4.613376843210254	0.000955
4.069624120249931	0.005867
3.579375940598683	0.000467
3.8749359171360505	0.00177
3.954127889333852	0.002401
4.087392673826544	0.001395
3.624848621482149	0.001168
4.158745940900673	0.000332
4.452622705440054	0.001079
3.9963871966642035	0.00134
3.919559665355693	0.001604
4.105459485965838	0.00018
3.799369622696594	0.000148
4.020448903046867	0.000282
3.960512398928173	0.000129
3.8194529182860264	0.001299
4.307175130259783	0.000392
4.271370652187818	0.006064
4.3189027016673744	0.000456
4.275237194251126	0.002901
4.1048819378979955	0.00178
3.987911489315325	0.001258
4.045644848038591	0.000559
3.8377904565071503	0.000165
3.380016799633696	0.001825
3.3568712815770594	0.003482
4.548256240752243	0.012553
3.8716329092763786	0.000986
3.691238811983812	0.000161
4.125381701034036	0.000413
4.27031506264947	0.000342
4.3474827553338935	0.002961
4.0528299220587565	0.000921
4.159253754347708	0.080939
4.04269342761604	0.00126
3.8720413222512176	0.004402
4.012580804184336	0.000783
3.991442476890261	0.002688
3.7973273101986202	0.000646
4.453272301095276	0.013195
4.043629586377911	0.000617
4.386877718677153	0.000751
4.466088265366906	0.00395
4.164694271021072	0.000979
4.159329829222519	0.005002
3.9325438803503463	0.000423
3.985327033485295	0.00134
4.23495132467917	0.002639
4.146050656406077	0.002381
3.6015930034370984	0.000296
3.8388708628302615	0.000602
4.1779231190995905	0.002498
3.631852334333764	0.000889
3.6159740333089343	0.000305
3.9575059380342177	0.000865
4.364448499545836	0.119812
4.10542436150808	0.002379
4.246652691523602	0.130373
4.131534826769407	0.001051
3.9125326786049945	0.000298
4.1808697231066665	0.004673
3.9751440320626066	0.003251
3.9929804862100253	0.000508
3.9353407482625533	0.002065
4.0879698599830645	0.005686
4.175521235341273	0.002531
4.264287501135901	0.001917
4.098718833748252	0.00079
4.003184157402449	0.001306
4.147460418462197	0.00821
4.230750316582257	0.003491
4.270981798756904	0.000633
3.826036272363736	0.000757
4.4721727993599805	0.001625
3.936699831831829	0.00114
3.7665913392169417	0.000557
4.073323946311947	0.000901
3.411507429432401	0.000137
3.980824936840523	0.004266
3.780444024648299	0.000407
3.8441077947949105	0.000426
4.302140656448595	0.001845
3.5785135056445636	0.000303
4.231100260451707	0.006763
3.88489829408135	0.000827
4.025462720693869	0.000437
3.9778886377856426	0.01335
4.021834591191112	0.002184
4.001965136280447	0.012427
3.997971435408261	0.002798
4.155074313997607	0.000374
3.985557375147727	0.001919
4.234368271749804	0.00081
3.870854848667178	0.010415
3.6854023941307834	0.0108
3.970404140556335	0.004737
4.105314917313017	0.001052
3.9878959570572845	0.000372
4.079221015624593	0.001802
4.192516819559039	0.004563
4.040102109073348	0.000413
3.61152897445216	0.003112
3.7078840414402094	0.000404
3.988784316298083	0.000547
3.8722553180341746	0.000288
3.886717448722681	0.001103
4.059390377754253	0.000828
4.167663743478462	0.015691
4.127310425042721	0.001487
4.12590821414686	0.009494
4.201946729542224	0.007808
3.733516571354625	0.002598
3.8021259891810613	0.000302
4.07601742184112	0.000385
3.7739688548788	0.00065
4.140088987265067	0.125809
3.7791544580064023	0.000363
3.590971681004456	0.009033
4.123736476131685	0.000301
4.266366184374483	0.000523
4.169291555814522	0.005135
3.88710174424665	0.001167
3.953117661176166	0.002125
4.203884452356457	0.001972
3.9934882860515115	0.00059
3.817305588884497	0.000159
4.325612332903234	0.00038
4.190641032581573	0.000531
3.947686744682597	0.00042
4.142245976708643	0.002949
4.287330952003302	0.003468
4.0216955763819575	0.001605
4.3246326849019106	0.000447
4.044782358660727	0.001223
3.8833332420866937	0.00554
3.8376817687889777	0.000279
3.5844654712060797	0.002074
4.074525701810994	0.002216
4.222561256700311	0.00088
3.8577231343540803	0.000836
3.9459571617616773	0.000849
4.190815835805786	0.002114
3.7933541185472865	0.000362
4.1414152539031015	0.000716
4.054096018879186	0.020367
3.7779131453164894	0.000256
3.8107643335424037	0.002958
4.140110149558469	0.000482
3.97020102660643	0.001252
3.8956801555294183	0.000155
4.139601421809553	0.000251
3.726999294685562	0.000875
4.254653835015008	0.000935
4.182990151330397	0.000575
3.903784139014847	0.001602
4.254970744261335	0.007468
3.7418426133571807	0.000247
3.2581667807798467	0.001391
3.6499389373159605	0.000164
3.786954427721498	0.000291
4.092079198360981	0.00049
4.195641609167609	0.016254
4.143408770944828	0.000875
3.924246842964228	0.00168
4.156118901970668	0.000766
4.008311522720546	0.000403
3.842657098649636	0.002133
4.050173255370115	0.000824
3.5848880667548633	0.000399
4.11517059024964	0.169548
4.015705857743037	0.000206
4.477362870595736	0.015116
4.3916992144085105	0.003709
3.8323519208240286	0.001523
3.772110983879135	0.003801
3.979492648322359	0.00469
3.6036810936507995	0.002251
3.5399404159623398	0.000819
4.031812271819369	0.000428
4.102052655782518	0.001006
4.2956308003259	0.001738
3.9073004079516296	0.000851
3.8278221882971595	0.002616
3.83792788217083	0.000271
4.061335148318783	0.000509
4.241860858922833	0.001198
3.4845123324129776	0.005001
3.8451315334052945	0.000388
3.976236473978935	0.000658
4.289125670821436	0.009372
3.8992891935247127	0.000946
3.9485181994731837	0.000653
4.142770214949195	0.000484
4.029673016036758	0.005596
3.8431711952061303	0.00091
3.9035027732805982	0.00068
4.179913909558933	0.001013
4.520908060146272	0.000748
4.1658347219879515	0.000405
4.3420359963692645	0.000598
4.046977122951206	0.000333
4.281258616876222	0.000973
4.180234111383752	0.000576
4.01773685846889	0.000726
4.324408928394915	0.001181
3.9942794761549374	0.000441
4.412572916413381	0.000979
4.269020230604333	0.001131
4.058743859706443	0.000247
4.1896586144619645	0.000865
4.058149587521453	0.001785
4.48874428595993	0.013118
4.171258895501094	0.001031
4.2684960413443775	0.177257
3.860903593014762	0.000289
4.213782994111136	0.021564
3.5314594323270203	0.000184
3.976474198093435	0.000848
4.1471170679121325	0.000219
4.305117225636877	0.013576
3.9796677563133493	0.004269
4.001599964918187	0.000719
3.837634995138075	0.00116
4.250988322510117	0.000295
3.986235058396706	0.000681
3.760804263770664	0.003247
4.007199510373997	0.000311
3.9993907459381397	0.000447
3.8904740377378166	0.000284
4.367659848572806	0.159164
4.128778318783206	0.000942
4.177636063464635	0.009622
4.368570844968035	0.018196
4.099229025471899	0.00535
3.7972072562830372	0.00039
3.8189284977301865	0.000737
4.060735161742789	0.001446
4.13727187408059	0.000624
4.282023792892631	0.000893
3.815418291490181	0.0004
3.964916286955214	0.000474
3.9130880031342197	0.001271
4.146967084193483	0.001332
4.232061546208265	0.001548
4.26980092255398	0.004186
4.227486819655204	0.012669
4.163971147480484	0.002894
4.390367769442133	0.005957
4.112445307329951	0.009007
3.8323020477962175	0.000314
3.7987041111009647	0.000409
3.8260536087398793	0.000451
4.019506556414383	0.000519
4.187864282046998	0.003037
4.150707836180706	0.002522
3.8391079719649643	0.000289
3.99165165081769	0.003098
3.774886814667137	0.001564
3.795377053819716	0.000474
3.8871060735785115	0.000451
3.976250300086252	0.000761
4.279396465523745	0.000878
4.208551169721642	0.00046
3.9009780273941126	0.00019
4.135748207882108	0.000257
4.10842370390319	0.008873
4.151641537756563	0.001051
3.7748296625931443	0.000387
3.692001438294617	0.00076
4.264830101619672	0.000552
3.9293545262869096	0.008414
4.1623256123666605	0.00264
3.6441205279572295	0.000853
3.7035231637283172	0.000355
3.825215236812886	0.004102
4.062410471553942	0.001118
3.8516304587143413	0.000247
3.5460262887563077	0.003408
3.7390411957004304	0.000238
4.091919081122223	0.003254
3.547752655291977	0.000358
3.6523349706231407	0.000214
3.8453438121496855	0.000147
4.216520377932534	0.000445
3.647973165003819	0.00023
3.6989559175838753	0.000629
4.407989923041364	0.001233
3.8381170230747235	0.000288
3.9234161337642357	0.000819
3.840338419149722	0.00102
3.7184327230767202	0.001188
4.080147560604211	0.000457
3.9719402559638466	0.000648
3.6715738615253426	0.002916
3.754494098405491	0.002293
4.08923688199167	0.000441
3.988504248548081	0.000701
4.47958060401852	0.000961
3.7922166064115252	0.000418
4.565784993988363	0.103355
4.057736113229707	0.000889
3.680310313817783	0.000411
4.25258634654175	0.003906
4.237442510763075	0.000193
3.619806055007985	0.00074
4.288296349401387	0.001741
3.919049326691805	0.00074
3.7299322603468497	0.005794
4.247968163405028	0.02597
4.297161514273133	0.152564
3.9369891841085534	0.000647
4.153219166854886	0.107463
3.8322560632733578	0.009372
4.009447796740499	0.000747
3.910657313404196	0.000327
3.656533279351862	0.000449
4.1962486543771025	0.068393
3.635831926102899	0.001031
4.111658054715166	0.000835
3.895716371164291	0.001244
4.335698924386239	0.001908
3.99818447335189	0.00029
3.5374029024929508	0.000175
3.982609979290261	0.001648
3.922784269049179	0.003587
4.265485724596624	0.000441
3.934589030995898	0.000278
3.7452102074427622	0.000216
4.434056523546366	0.00056
3.722154405325978	0.000447
4.033828703568111	0.001097
4.146777118784953	0.000773
3.993514006254953	0.000366
4.276614588362223	0.23399
3.8130873233270286	0.00059
4.331106722679195	0.039842
4.244792229997045	0.016823
3.8674026108434	0.001869
4.048291367600026	0.026544
4.058094283099917	0.000269
4.446719105397263	0.001617
4.115535162959999	0.001457
3.6881595796782864	0.001392
4.078728252793586	0.001308
3.8223475757585517	0.000361
4.1569646536242875	0.001486
4.036774311638465	0.00041
3.9881110576229046	0.000966
3.9612247413177024	0.000579
3.730354972905522	0.001432
4.469121175727	0.001152
3.8743614412340177	0.000551
3.8775697670773215	0.01283
3.838111412088059	0.011723
3.676092807458005	0.004599
4.100606005971824	0.001093
4.0680493918853315	0.01344
4.172266345374999	0.09929
4.044852531384551	0.015235
4.3026889468346186	0.004253
4.149857877646714	0.001076
3.963990114771666	0.00038
4.012200084237686	0.001425
4.192200068139248	0.001163
3.9750491677278577	0.004315
4.05942013612678	0.000232
4.403289637709648	0.00047
3.5979940989619137	0.000295
3.693551224702163	0.000257
4.105320193601004	0.010639
3.7556505197334276	0.000404
4.127651106158039	0.000725
4.063911740059375	0.000424
4.129102947901077	0.001509
3.9462524161847483	0.002689
3.8213599276092034	0.000618
4.074636087522128	0.001116
3.9629848499712415	0.000819
3.9848467225841184	0.001172
3.7408095194715285	0.000483
3.901503898317588	0.000358
3.674099965259873	0.000923
3.8191976999734867	0.00054
4.030761732716273	0.000249
3.9711667668671398	0.004922
4.030389320405226	0.000297
4.290014065437282	0.001904
4.0891050128909106	0.000958
3.9978900842470093	0.0004
4.097045455945198	0.001331
3.6692323190167166	0.000773
4.0196749431944445	0.000524
3.882453628582968	0.005092
3.8420800784836002	0.000699
4.271070760942213	0.000792
4.120851742652883	0.000541
4.229954029788424	0.105301
3.948456081319582	0.001081
4.205638111911599	0.006363
4.319093744647469	0.000847
3.559887083183178	0.001386
4.233876074914905	0.001343
3.836189439223749	0.000944
4.176509990994084	0.00061
4.078098592199161	0.001237
4.336327589042396	0.000371
4.090392350921879	0.000934
3.4080421519131887	0.000793
3.8408649866847435	0.032015
3.8335018467953192	0.002336
3.9132009956939555	0.005289
3.6745285554761407	0.001372
4.022144466294238	0.023198
3.814069765936935	0.000246
3.7485674584803013	0.004659
4.070909082725088	0.003487
3.729760608200942	0.002217
3.869538326425286	0.000316
3.88862518731165	0.000697
3.9285476733100047	0.000323
3.2182381994304685	0.000361
3.3575398000284586	0.000373
4.137240390507096	0.000127
4.381197007097726	0.000419
4.21866085278535	0.003647
4.043770236592335	0.003008
3.9209924101496676	0.002399
4.42721125987554	0.008147
4.091548089245365	0.005888
4.112465487295275	0.000762
3.84799496580976	0.000415
3.8369597881253528	0.004037
4.273783227296857	0.002743
3.805792214625395	0.003596
4.489248118380877	0.123373
3.910926757828129	0.000386
4.2094827896268106	0.002234
3.9308204308747503	0.013323
3.479160919425109	0.000417
3.7361636759608645	0.003763
4.200304565920934	0.154532
4.118063147001233	0.000647
4.0768498208685795	0.001644
3.7858028772312324	0.000123
4.132784711046599	0.121224
4.46397641689131	0.19632
3.9767044009780275	0.001206
4.451484300770363	0.022476
4.166788317807957	0.000432
4.168697778875546	0.000692
4.095019568239194	0.000392
3.8900949912907374	0.00023
3.647402057871972	0.001424
4.227906288617527	0.008145
3.997406829076208	0.002354
3.8210154232958797	0.000908
4.4572966637555735	0.000337
4.028307483367539	0.000779
3.8998659823933175	0.001102
4.3205904498028085	0.002131
4.151354084835239	0.00055
3.857710655213152	0.000692
3.597546351928144	0.001049
3.978872694031322	0.000335
3.404986060172055	0.000266
3.503577935764001	0.000371
4.326623951563211	0.010287
4.183078123022132	0.001114
4.367934014173369	0.004466
4.325807019488393	0.001657
4.148783855118149	0.000545
3.910154267390492	0.000294
4.428722065973076	0.000238
3.815015307186719	0.001169
3.7669096498472143	0.005241
3.9618510821209907	0.005218
4.072262397482708	0.001648
3.839229944281551	0.003037
4.060184343419112	0.000908
4.261596444699987	0.002607
4.228362898398259	0.000723
4.368658933666565	0.006847
3.766367914686275	0.001447
3.6512050912809344	0.000466
4.014010972060062	0.000621
4.301900578552422	0.044055
3.8839857928978363	0.009018
3.805297264000107	0.000236
4.02356455507205	0.001287
4.084322399511465	0.000553
4.1210821795557075	0.007934
4.024176536427707	0.000352
3.6214901867494524	0.000579
4.257611108607949	0.005409
4.055876903427601	0.001534
3.9205366711302743	0.000692
4.128525576706922	0.003557
4.12683820680916	0.000743
3.6892351641443226	0.000239
4.217948047802506	0.128674
3.731508482616533	0.0003
3.811411803987942	0.00185
4.280728925472449	0.000727
4.29174775455658	0.001237
4.010534227662993	0.010336
3.9729637333449004	0.00088
4.031827186379906	0.00264
4.240631271619305	0.000956
3.6495055687785194	0.001225
4.314639311468276	0.168204
4.133761118170828	0.000582
4.139848767868706	0.000343
4.2104926259381825	0.000799
3.9566210183106048	0.000229
4.13322642259469	0.004048
3.8574246472163156	0.00047
4.2363824122983775	0.000533
4.2362475091307505	0.017135
3.986027413749407	0.000714
4.282935556647952	0.00216
3.7454585249483396	0.002735
3.908638726512325	0.000603
4.398476060489926	0.005378
4.02362762834418	0.006939
3.846968198572562	0.000307
3.642363434324956	0.0013
3.908767972433492	0.000396
4.054822908477876	0.00106
4.050169728774939	0.000314
4.1000762955209	0.001867
3.5751525293686646	0.00121
4.4754626477935275	0.000317
3.9601424111504397	0.001366
4.0167817714646015	0.001089
3.655022750810006	0.000311
3.707979452723916	0.006505
3.8736337951615307	0.000537
3.6121019319588115	0.000504
4.242879329409177	0.013714
3.6252825669019932	0.000362
4.161992256558866	0.007016
4.495009177020884	0.014459
3.9631556667277645	0.000565
3.8926638141822814	0.000746
3.8260302368796038	0.007612
4.216346592414541	0.000546
4.252464610964195	0.013444
4.013269502602605	0.001542
3.785628650887876	0.00077
3.8504894335889537	0.002102
3.854653945772968	0.000248
3.974491483972265	0.000573
4.169162821467265	0.000654
4.2645470623858515	0.000491
3.9329207226737	0.000392
4.193716400869352	0.00069
4.4396213608794834	0.00244
3.793408350841952	0.000392
3.921478623198737	0.00082
4.072488107767302	0.002234
4.4929962201643745	0.00061
4.33766500962756	0.000267
4.092372161586978	0.006142
4.015061908451073	0.000686
4.00929041968658	0.000492
4.0729092611123985	0.000248
3.683201216116955	0.00572
4.245541985322155	0.000668
3.9801418875078594	0.003753
4.059320468982107	0.007195
4.181142389360544	0.000552
4.157794916557315	0.000262
4.219256284176746	0.001812
4.218009382268119	0.000331
4.170141952451529	0.000327
4.043300761265962	0.003617
3.8916158656014366	0.000624
3.672650912680723	0.014816
4.299580405147425	0.062535
3.638461449431562	0.000317
3.8466654610169773	0.001086
3.7983526352305845	0.003248
3.8986626704045895	0.000507
4.44244413403122	0.034941
3.947951342759157	0.0002
3.931335572348563	0.000258
4.054628159308118	0.000468
3.933593140517893	0.002385
3.7120465508675773	0.000227
4.022498040161656	0.002957
3.8104744370406163	0.000332
3.7956961209284263	0.000271
4.073813868274574	0.000301
4.15207189943514	0.000735
4.26766783559174	0.029995
3.8434451267900083	0.000476
3.899622100344742	0.00021
3.949122722186625	0.000273
3.8956555809268347	0.004968
4.118692870181803	0.007013
4.062228694050326	0.016108
3.8686790153383726	0.002222
3.8279025979438854	0.000352
3.929686058930998	0.002851
3.8682851414056527	0.000603
4.433724484768422	0.007652
3.88195816910457	0.009585
3.9168645952394443	0.00031
4.2802117240974455	0.00199
3.9990963677211018	0.016995
3.9103378871049648	0.000585
3.7732502021687138	0.000577
4.135547385130824	0.000319
3.620478592582867	0.000424
3.8847383265051794	0.000366
4.048824362465494	0.001059
3.924372186771801	0.004723
3.9106233345457477	0.00036
3.882422822573868	0.000556
3.7255745228285133	0.000308
3.9224309618511444	0.002473
3.9057604421334675	0.000444
3.5778320889948234	0.00146
3.8470172171638373	0.00368
3.946844329144917	0.007554
3.8839863207980962	0.00053
4.0835736101896325	0.002831
3.7183236299082307	0.000273
4.132719939783055	0.022765
4.021560681376731	0.004573
4.151343437020419	0.064012
3.838627622969488	0.00505
4.041586756864426	0.003763
4.259917080390304	0.000562
4.186969163497876	0.000743
4.104170602328391	0.00403
3.7020331035922123	0.000314
3.920104682210375	0.000961
3.7686079097435234	0.000613
4.240329641565638	0.000353
4.350708763133673	0.148279
3.828206015784666	0.002409
3.8475116616583627	0.000258
4.436241080844294	0.014578
4.077290253482668	0.002435
4.105706173509293	0.002514
4.492022825340611	0.001102
4.41005282095343	0.001976
3.860825515384852	0.002059
3.720338654829879	0.000524
4.318085649861867	0.000587
3.930712290105535	0.002901
3.7823259369102336	0.000253
3.3924602019316916	0.000294
3.9946799352430933	0.01027
3.5558207768914536	0.000281
4.058247328099628	0.000956
3.8322514863192625	0.000547
3.9139854727473073	0.000233
3.8757778183790195	0.00018
4.149691243281812	0.00079
3.671487228634502	0.00032
3.8297808393896564	0.00022
4.200496977632276	0.000243
4.001704791342507	0.000887
4.287579005558748	0.000436
3.941262090130258	0.00095
3.9881754833014775	0.001645
4.129989323433927	0.022725
4.126323976917973	0.002646
3.8091485948985015	0.000181
3.926038593017798	0.000312
3.6217883446316876	0.000452
4.163724155168705	0.145855
3.7856802980987974	0.000991
4.022142088019173	0.00154
4.5125170400761325	0.004245
3.9168968298466815	0.001676
3.7905640698087466	0.004216
4.259888445849137	0.002164
3.9653583032731765	0.002818
3.5704397295194275	0.000229
4.205624846360334	0.000327
4.320501125706177	0.00063
4.211284504490752	0.000691
4.328741130747446	0.00136
4.395281236938465	0.001367
4.000058853500714	0.001306
4.303317274069751	0.00048
3.9025973388945325	0.000453
3.8176878898126736	0.003425
3.980307106883267	0.000623
3.637118172955206	0.000352
3.9331532575751087	0.001181
3.9255810716544404	0.000199
4.263383968824489	0.001413
3.654139689623599	0.000245
3.5501974133084033	0.001153
4.0620452484902865	0.001298
3.603117918636138	0.000625
3.939954770780245	0.002742
3.668185467054587	0.000374
3.876263364748443	0.001061
4.231103925824722	0.001277
4.179140074877254	0.00033
3.6379547489295914	0.000256
4.134115592736124	0.00032
3.528249062910422	0.000659
4.073677648074003	0.006774
4.027625337452006	0.010212
3.922530884783547	0.000187
3.687551884117043	0.000388
4.068686837656701	0.003502
4.343408960468055	0.000944
4.255092972367198	0.000303
3.9290005905066225	0.001286
3.905858713332703	0.000472
3.804718858773382	0.002717
4.028024950266029	0.002655
3.9643207195083257	0.004037
4.051171676508121	0.019061
3.8743163356410846	0.001872
4.261448480064335	0.000598
3.8316100758497007	0.000354
4.022232141380049	0.000347
4.191302016202156	0.000476
3.897398102862743	0.004752
4.00460584892974	0.003823
4.321546742270206	0.001583
4.315254999013596	0.000714
4.044912244050443	0.00014
4.3623137091505795	0.069371
4.091030749090975	0.002349
4.403041529730458	0.021509
4.110629962282623	0.003087
4.100600386819664	0.000481
4.0981334651299655	0.000861
4.261643672781803	0.001646
3.93647648077515	0.002059
4.142986874726844	0.002058
4.2283243806815625	0.001109
4.320353242705366	0.129289
4.027600158755922	0.000352
4.04020959949236	0.00121
3.730562046113566	0.000181
3.973930496753432	0.006758
4.060225288393016	0.000406
4.066931983520106	0.000974
3.766436495542276	0.000548
3.96795139871978	0.001701
3.964945811311057	0.00017
3.5818098467139565	0.000652
3.9034877743644185	0.001331
4.039853519453692	0.000153
3.9742619069475773	0.001035
3.761051574453223	0.001754
4.217447951503122	0.000291
3.908652402955507	0.000841
4.108500274024014	0.001456
4.141767067194506	0.000391
4.4908509751558805	0.001756
3.8223357524094275	0.001941
3.3278838897849186	9.9e-05
4.1988408355218265	0.003634
4.599292251458193	0.000548
3.9737453178284765	0.000218
4.027732245545468	0.003943
4.094501332831621	0.002737
4.250133093131285	0.002067
3.9392367793051104	0.002633
4.2028475815310475	0.001949
4.303273316796929	0.000809
4.300829954724394	0.018518
4.009417404342571	0.001921
3.695387628640101	0.002309
4.456732329539145	0.00053
3.9917853267527112	0.001043
3.955611775206439	0.000458
4.257608028279738	0.014742
3.8771276636844623	0.001302
3.9970003181760236	0.000411
4.012999949331184	0.001524
4.170873968674073	0.001661
4.495590145560309	0.051772
4.2021282131607185	0.025084
3.741639423215581	0.000248
3.805240541865183	0.000679
4.11422638780075	0.001724
4.380463203088071	0.00042
3.883756199546799	0.025802
3.6795103834173384	0.005148
4.191178215278716	0.002402
4.033921668549007	0.14934
4.069183644098394	0.000659
4.0582476274263515	0.000388
3.6786924989447938	0.003814
4.366769320581783	0.002376
4.5089144675071315	0.001143
4.019276658296568	0.001461
3.829649593431096	0.000382
4.1415139359958015	0.000384
4.07420273258869	0.002161
4.12708264124984	0.001013
4.2518985733116565	0.000461
3.8790037282176066	0.000464
4.301104852311548	0.004255
4.10677305305181	0.000905
3.6045980765495638	0.001342
3.8863471589005174	0.000291
4.047590502973102	0.008405
4.0187197174138625	0.000249
3.8450551945819007	0.001741
4.314171460662424	0.0021
4.157355014565834	0.000593
4.075390414358185	0.000585
3.8111165876591717	0.003601
4.39825987419034	0.002998
3.983333056571054	0.000143
4.115158979150797	0.011322
4.07969044469117	0.000237
3.533617395939368	0.000737
4.238589595865986	0.027089
3.9975386791267224	0.00413
3.6623717788740318	0.007314
4.473014548218013	0.066235
3.9291982676227493	0.000445
3.900082312915438	0.004381
4.081561189397331	0.000905
4.118569428448884	0.059395
4.272116344853543	0.002375
4.163402489372248	0.004915
3.8271438574187777	0.0006
4.244265953623253	0.00633
4.012792008081057	0.009006
3.664758758955014	0.001313
4.036134112076707	0.162628
4.388057065599947	0.014066
3.9192035445019244	0.000166
4.055342003765132	0.001099
3.8046903031447097	0.00022
4.179017667178451	0.001437
3.8777028878978905	0.001029
4.324617476459345	0.004921
4.20895701666298	0.007686
4.205581046914049	0.000214
3.9074694260347447	0.000874
3.992427754926946	0.001682
4.2641067875983	0.001553
4.1667153858490495	0.011232
4.270596126336194	0.106409
3.4946357381781157	0.005805
4.201637423157553	0.002173
3.991033650302704	0.000387
4.093769039051852	0.003253
3.983299747113053	0.001064
4.033106450791955	0.001149
4.4455542839125854	0.005895
3.789467921701209	0.001061
4.304381650164912	0.002129
4.2092432886099465	0.002983
4.320177887090595	0.019483
4.0084990309415165	0.00171
3.9554864286765183	0.000372
4.126128588279667	0.018284
4.426961007641063	0.021897
4.077674889146914	0.000331
3.661846106592194	0.000546
3.585628181086623	0.000169
3.681577360316686	0.000456
4.510157660503748	0.000307
3.672651084114356	0.000245
4.368279228703788	0.00277
4.652989345261089	0.008309
3.576292406173941	0.006887
3.5963242259860855	0.001827
4.125660272159701	0.009457
3.8322561993319435	0.002257
4.364912407421446	0.098995
4.335454484502412	0.000394
4.11084544925141	0.000868
3.725887252407114	0.000836
4.027004779069015	0.000612
4.16763491301491	0.000922
4.170822887459258	0.001136
3.7411419283247436	0.000802
4.015279188648574	0.005019
3.5626167525777257	0.000141
3.6348035180188294	0.000402
3.917482127716421	0.000504
3.7055608121957526	0.000176
4.24328525254221	0.009174
3.9152920682762224	0.003319
3.7715525572522015	0.001427
4.196102673452493	0.000233
4.165708501972798	0.001644
3.815620289774221	0.00105
4.249604280655891	0.000472
4.267746305066418	0.00061
4.277951233424894	0.00452
4.089473623771903	0.000938
3.9815082065858687	0.000294
3.8269438482873817	0.003318
4.299960289704689	0.000508
3.9943257736085234	0.003713
3.8675191599333045	0.001066
3.9522023408937708	0.002893
4.214792435856939	0.000825
3.689566247800646	0.005542
4.515665582501904	0.015512
4.103752926599421	0.001127
3.8889275411864146	0.000504
3.694408383368294	0.000299
4.044074424515555	0.004193
4.032593709362704	0.001936
4.390502854928142	0.000481
4.104826325988882	0.001718
4.291877220890429	0.002995
4.1429831113926365	0.000201
4.255812253661084	0.00403
4.4220552409675795	0.121233
3.8202523860931565	0.000299
4.14001386206873	0.00041
3.982105284265737	0.006988
4.000526070281166	0.000446
3.8909865369864343	0.001351
4.118769638944265	0.000462
3.876969897508123	0.000255
4.115503216791644	0.003391
4.3466311668377795	0.004661
3.943361187349301	0.000617
4.2283988391982525	0.000156
4.019247193809163	0.000534
3.700600124781553	0.001498
4.150809644861413	0.000307
3.177623006778204	0.000135
4.079378245735177	0.004082
4.190737652050736	0.000593
4.105707150397318	0.003406
3.9571268643744935	0.000724
4.2606038658476235	0.000377
3.78438356397746	0.000226
3.839025418061405	0.001445
4.005870963420543	0.000493
3.9833767907103934	0.000283
3.8399069744579797	0.00023
3.9848235874644216	0.002363
4.258050501744774	0.022487
3.7121925590032854	0.000571
4.1445157165313224	0.00208
4.128729224001782	0.008638
4.161463016866751	0.004229
3.911556772169928	0.011575
3.8833735421504483	0.005622
3.743269771651695	0.001173
3.8410770259693026	0.000829
3.9854412940958315	0.006798
4.12631647201751	0.00228
4.021599645360392	0.000236
3.885585781591816	0.016445
4.379235169553424	0.138429
3.9386049200316546	0.01626
3.733379874956737	0.000658
3.9425960358216434	0.000583
4.267570410665091	0.002023
4.010688644116297	0.005236
4.156516141951227	8.1e-05
4.14475671417407	0.001136
3.860579162541621	0.001647
4.0785439010940685	0.008895
3.9209820534945288	0.001299
4.346482573619873	0.000683
3.778643441779666	0.000404
3.8192604848051883	0.014387
3.855540313140322	0.000167
3.938989955704617	0.000223
3.5469922222186017	0.000389
4.129905253855786	0.041023
4.1983612157905945	0.003984
4.131192112965542	0.000282
3.7718428428779562	0.008483
4.227137020006742	0.004298
3.5129466555010147	0.000941
4.009171318170271	0.00113
3.923864229103778	0.000233
4.220063754852701	0.001409
3.769389205785125	0.002315
3.7960060722232463	0.000576
4.13523825561984	0.006982
4.076169258655375	0.000459
3.91136753602719	0.000304
4.1127470407879585	0.083695
4.223817666267594	0.15105
4.12999766644303	0.006265
3.8083350996216163	0.000339
4.32993737866262	0.000187
3.8623560470167972	0.00098
3.90682922919224	0.0004
4.178813157283107	0.008169
3.7395275584120884	0.009533
3.876465395686729	0.029745
4.062228152544517	0.028749
4.173603159148956	0.013678
3.450896414432979	0.000263
4.109049171221247	0.015739
3.997040082174023	0.034846
4.022289815912701	0.00794
3.930204863058573	0.00099
4.202269140930822	0.000742
3.933088630534098	0.006056
4.2906870492791285	0.000711
4.458341874872379	0.003479
4.408917088440834	0.005449
4.3238099431972445	0.002529
4.375956883236578	0.001003
4.120681200731239	0.000724
4.01914433204719	0.008183
4.313043034407107	0.002384
4.2415995588663655	0.004814
4.125489539758821	0.051716
3.970788776222128	0.002276
3.908007531197715	0.008647
4.203325606673657	0.000376
4.012612070067496	0.000402
4.091279401295229	0.00338
3.9245854478473654	0.001323
3.7978633200838066	0.010065
3.8050196017347213	0.000364
4.052737895871585	0.000192
4.092672635156585	0.002463
3.870305097031864	0.000234
4.159511965913563	0.000259
3.8920228173254383	0.00119
4.089389780049592	0.002561
3.621187264156233	0.000353
4.322782688876433	0.047229
3.9476524692197725	0.00416
4.456035377909017	0.000799
3.88246165050049	0.002344
4.394182422113887	0.018381
3.998002121686671	0.001516
3.7410640847130647	0.000849
3.926929929185562	0.0019
4.4751808521186645	0.002449
4.1434328693485485	0.002064
3.92114170814152	0.010651
4.168236488734832	0.033463
3.7898583778815995	0.000761
4.04652138937496	0.00894
4.132273185966754	0.000363
4.147445601862852	0.000439
4.029890756106773	0.003904
3.750341711611938	0.000154
3.6499331059150673	0.001605
3.840904810549634	0.001073
4.128477831609595	0.000341
4.067362037711105	0.167737
3.7059508520441713	0.000354
3.950645395169186	0.000562
4.187816362795237	0.00219
3.5820631575102415	0.001078
4.156094985883783	0.00096
3.802207598849295	0.001697
4.189470265410008	0.000852
4.055578421732984	0.026808
3.9227736756550087	0.049984
3.8747036325807693	0.001374
3.7885789882972607	0.00041
4.0268488605466795	0.0023
3.7342022220958353	0.005205
3.918884395758372	0.000701
4.096594272115043	0.001456
4.4369390447390415	0.057858
3.947669870901315	0.003418
4.047594105759972	0.000693
4.166145987593367	0.000318
4.241690774152903	0.000344
3.913681992320382	0.00097
4.406256854340369	0.003131
3.944816849571091	0.001443
3.47961186651778	0.000108
3.9301910995389475	0.000215
3.4521118790294536	0.000351
4.071807058470484	0.00082
3.9186763946428997	0.000222
4.28911680807138	0.146339
3.881644615021333	0.001446
3.9489205034914496	0.000489
4.096867093471563	0.00122
4.143222391996819	0.001224
3.946582827722918	0.000416
4.113955245385402	0.002364
4.064413243187399	0.000637
3.926278828740508	0.000295
4.011844630062018	0.000595
4.400147440977934	0.004302
3.7220179211752766	0.000473
4.362260965320943	0.000831
4.341024560026122	0.019644
4.072793473942531	0.000444
4.178304309803503	0.000501
4.361069027690481	0.001946
3.9190526437590476	0.001331
3.9163545178048857	0.000714
4.178791750085178	0.001003
3.9772664303918317	0.002322
3.7499286917495582	0.000347
4.230692108706197	0.000292
4.190471143734027	0.007696
3.8474621505418733	0.001009
3.9767557434206244	0.000447
3.83317152505594	0.000359
4.256430085464784	0.043794
3.754637265669727	0.000259
4.3500192810289615	0.000356
4.081973776601389	0.002731
4.3773565770810805	0.0008
3.8315063324385465	0.000785
3.8026738795583688	0.000755
4.090957076984621	0.001609
3.9684993870582796	0.00029
4.1667581131684654	0.044178
4.012448347321066	0.000189
4.133449068877423	0.000308
4.278969235873229	0.000996
4.162974663795272	0.000676
4.234390304807638	0.007396
4.332650702176146	0.00059
3.709174867968959	0.000111
3.999625512174372	0.001961
4.119202934010812	0.000928
4.336749210423954	0.000455
4.190405645927037	0.000883
4.323047632537966	0.013844
4.154789078804011	0.001411
4.1846622746882	0.149092
4.221941449349515	0.001284
4.004327530871002	0.000208
4.126735304232085	0.000923
4.152734507574698	0.000961
3.5040309917384582	0.000515
4.165422510302312	0.004272
4.119468206930967	0.005535
4.092525405229872	0.001502
3.85609340361547	0.00048
4.303925794137177	0.00071
3.7449434378967235	0.000195
4.113376812947578	0.000176
4.327675579121074	0.003348
3.9896301577504936	0.000156
4.223435593914502	0.004921
4.047938571977449	0.002583
4.246344318487962	0.010163
3.884191712342621	0.000942
4.145842345082226	0.004135
3.860708971739642	0.000202
4.005233362544984	0.00834
4.097590380281836	0.009802
4.263804784750108	0.001735
4.2651434788276745	0.000469
3.909294012068253	0.000353
4.516182802925605	0.001199
4.447684581707843	0.001651
3.4863975780685044	0.000907
3.737191912612848	0.000571
4.348871624488342	0.001489
3.9355703905926394	0.000503
4.115732872728826	0.00077
3.9014115374317404	0.000163
4.3296891509542865	0.007142
3.7579404830588783	0.002288
4.128931361063662	0.000142
4.18788690287353	0.000332
4.486324390986515	0.103559
3.9162757571674325	0.000264
3.607169854595482	0.001267
3.9503108230119865	0.00024
4.091277248875994	0.002018
4.210282886016193	0.000291
4.144040230209568	0.04861
4.050688502969068	0.005008
4.4124643620314465	0.000414
4.24131190185871	0.163877
4.370974032147559	0.009668
4.460059699752667	0.00946
4.056761270760656	0.005853
3.642931281534104	0.000548
4.29478822696323	0.005452
3.2641212579511194	0.000211
3.8404188260741012	0.001199
4.2231761605576414	0.000655
4.1943233372329045	0.000254
3.9915254961094826	0.00029
4.1103897320030605	0.000251
3.929768055002399	0.000473
3.9631645730137213	0.001702
3.7303900919216804	0.002811
3.9230142079836416	0.000329
4.272695003144102	0.008251
4.351783422409986	0.000564
4.367672537241668	0.157732
3.994722316977536	0.000318
4.230810135373289	0.000624
4.172359734853362	0.001978
3.727488813920219	0.001377
3.934362142457748	0.001707
4.176564430092789	0.000182
3.9363708706628415	0.000689
4.079065891673447	0.003443
3.58439960604462	0.000276
3.5975576555378623	0.00059
4.093760108275598	0.00096
3.9900899730332737	0.000428
3.9523957539849817	0.000691
4.148117312212297	0.003043
3.988343437418577	0.000698
4.243799977680957	0.000832
4.520268451072466	0.023385
4.108060108080856	0.051291
4.162100541549068	0.080733
4.271419414991365	0.020711
4.180846002940618	0.00028
3.696053692626288	0.000413
4.136259074447803	0.000231
3.838251969781346	0.002311
3.6475496361029114	0.001152
4.338857643869569	0.007702
3.995196434566497	0.004851
4.17168872383781	0.00078
3.896895492231255	0.052278
3.507073262816969	0.000615
3.6611447195066105	0.000439
4.042247340476292	0.001061
3.9753888148075127	0.008198
3.553793144934239	0.000982
4.004031441057	0.001504
3.7981087776723075	0.004629
3.9259615086038098	0.001926
4.406314479893972	0.005402
3.9812294667520116	0.000401
4.275021424283512	0.00547
4.159230205615293	0.000274
4.241843117099466	0.00086
3.4660584818409808	0.000122
4.413684430793115	0.000372
4.120368628980722	0.002613
4.2582503829830785	0.000211
4.025524539520747	0.000205
4.216682606775427	0.003387
4.070358680736477	0.000965
4.000684500414804	0.000385
4.045808489153272	0.00095
4.16237038053857	0.000331
3.625247730884662	0.00128
4.013054048288065	0.001055
4.134935069074944	0.001474
3.423943062879802	0.000557
3.5324754946048538	0.00076
3.908626954867691	0.000174
3.9638189633149197	0.00029
4.228513633152198	0.000967
4.160032059861436	0.002837
4.104152104029681	0.000307
4.0743733425396265	0.001151
3.8885555860270813	0.000519
3.8185087158371367	0.000182
3.960259964341015	0.000389
4.095588830440931	0.001555
4.227827220492496	0.000211
4.33566051279159	0.147558
4.206286782380191	0.002313
4.111087913588142	0.009143
4.174577778486071	0.008221
3.925568747616155	0.000289
4.262377338013619	0.0005
4.373453963603887	0.000294
3.9916029478779405	0.011039
3.856739393761474	0.000276
4.405953167106311	0.000367
4.055486512554156	0.00043
4.225072818668828	0.003976
4.248598659385745	0.000233
4.148083050355022	0.00243
4.318819181758991	0.002643
4.074305550813215	0.002838
4.042701593753003	0.000561
4.432906355394444	0.001528
3.9640435062322514	0.00045
4.095362366400248	0.002132
4.317942150618209	0.0311
3.790846126711393	0.000863
4.1716842911016085	0.001226
4.0970851192627515	0.000648
3.981307171585851	0.008801
4.057269187610484	0.000768
3.984053388225406	0.003377
4.056784122881526	0.000496
3.529967856517881	0.000237
4.321061552370503	0.00272
3.904843282357923	0.00315
4.028552638910062	0.01717
4.169571683429869	0.002875
4.192141639850506	0.000438
3.6718584055474475	0.006285
4.015301412188737	0.010597
3.9329945580497387	0.000351
4.332404218719024	0.017685
3.9078631421393806	0.000509
4.104786050415425	0.004862
4.132635032094728	0.000648
3.921459289509095	0.002476
4.094243499503438	0.003963
4.3975454555717235	0.005367
4.201910739761634	0.000314
3.607634225065953	0.000339
3.9081439173872243	0.00024
4.094001693683951	0.000512
3.76421001910322	0.000237
3.684489084768983	0.001632
4.317812733263409	0.000393
3.9609795667280285	0.000802
4.036681191554926	0.000259
4.084508571650796	0.000184
3.957119057429599	0.000411
3.8542027047967213	0.009579
4.04450465285944	0.001061
4.086725730913524	0.004832
4.13507790436285	0.000568
4.011827478725055	0.000943
3.9854291931910284	0.001445
3.685341339943197	0.001668
3.7092051433585445	0.000298
3.8503876902136454	0.003014
4.008403576118815	0.000381
3.7997991408218375	0.000294
4.101745251474047	0.002842
4.508899884924471	0.004361
4.120061023306721	0.000668
3.947671430113344	0.000216
3.6270364577545657	0.002996
3.9277764019410255	0.002112
3.713533631357463	0.000808
3.734514829222946	0.004221
4.128303520912142	0.001833
4.042624215455439	0.012029
3.914024194550336	0.000797
4.165775316809638	0.000456
3.912198484687014	0.000376
3.8509380622688103	0.000296
3.8272589343715495	0.000368
3.681012582552547	0.001344
3.866813740118689	0.000866
3.893637753232654	0.000688
4.061770614853263	0.004568
4.127001480569371	0.042282
4.158623701911608	0.015092
3.9381822020313813	0.000644
3.841610905204751	0.013227
4.3102151972145695	0.00061
4.470470525786429	0.112853
4.4004961684979795	0.038448
3.9548410725559147	0.00137
3.9578657569137015	0.011277
4.4712298023757455	0.000622
4.051350890697491	0.000465
4.012793580898635	0.001113
4.709065772741222	0.000899
3.884516025805873	0.002765
3.7195777782103394	0.000524
4.286974515498007	0.006965
4.162134060535003	0.026445
4.144236280084373	0.000263
3.914479503629114	0.002709
4.2854803573274705	0.00038
3.8201437691250772	0.000232
4.133080849841199	0.000713
4.189742746624704	0.004443
4.1274726185121136	0.000739
4.086606191294198	0.007295
3.8043061899391226	0.001535
4.325018833521485	0.15879
3.7002327003180664	0.004669
4.156630334534017	0.000262
4.277120050746839	0.000712
4.115510879518644	0.002757
4.328830639881712	0.000826
3.9913665081421374	0.002055
3.898122872691804	0.001909
4.303432424493416	0.035843
3.577617206119538	0.000344
4.107001794685566	0.000723
3.9023534432388614	0.003282
4.122918890984317	0.001305
4.326805810700122	0.001596
4.140498181207093	0.005058
4.257127720099362	0.002164
4.119402594836436	0.028919
3.6526217432592687	0.001058
3.893819138891503	0.000286
4.49714563547411	0.037292
4.158901312474051	0.000969
3.686745458359953	0.000982
4.087889526528032	0.001675
3.9499382392704008	0.001319
4.288633751543763	0.002533
3.8430831309978983	0.003429
3.748438588076005	0.000207
4.080050353369444	0.001714
3.6320271021844768	0.001481
4.351887440656019	0.000703
3.8458546569458827	0.000315
4.066454344779117	0.000586
4.389548344806256	0.005562
3.977306142688435	0.000861
4.251021125835808	0.024625
3.7070316175547102	0.000237
4.359323588694498	0.003785
4.00468915931019	0.006851
3.9276151880835517	0.000236
4.028366771535963	0.005482
3.966273359605442	0.187925
3.6564785545319833	0.000559
3.9310859704673824	0.001316
3.7424156089596794	0.003132
3.925496800710768	0.00047
4.239173979433845	0.000672
3.8956752901333482	0.000308
3.8285332544734865	0.014926
3.961981743034747	0.000391
3.6079525982854643	0.00117
3.8615467368507863	0.00263
4.013045844055254	0.000293
3.8369857858844734	0.000515
3.9776392209405502	0.001264
4.400257364092661	0.066511
4.3051464343381	0.011842
4.323063834196454	0.002338
4.03828792323088	0.000423
4.232782476512971	0.000703
3.9341342634229295	0.000675
3.789812276350397	0.012706
4.3148190426731565	0.161032
4.244474332977944	0.002716
3.9587807044031194	0.021263
3.7179792589311456	0.000455
3.945721399588723	0.00357
4.1953292687129755	0.014125
4.169676147942867	0.001343
3.6762114708697506	0.000163
3.606625654083034	0.000239
3.6803559527541236	0.000647
3.916299270526348	0.000342
4.336603264874391	0.005078
4.250694937505907	0.01159
4.056634117394926	0.008758
4.322083699113065	0.000531
4.2639853078069265	0.004385
4.445005117320529	0.016196
3.9164076398721934	0.000232
3.880279008882766	0.001385
3.8072487666603143	0.009796
3.74419172879247	0.001335
3.77243089998278	0.001357
4.167542810634498	0.000423
4.62514415957024	0.014025
4.218472416658496	0.010242
3.6152026639787636	0.000639
4.257264168875016	0.012034
3.922435936093155	0.000402
