0000	-0.568	1.189
0001	-0.372	1.677
0002	-0.874	1.329
0003	-0.666	1.238
0004	-0.784	1.332
0005	-0.536	1.103
0006	-0.546	1.228
0007	-0.895	1.126
0008	-0.578	1.357
0009	-0.352	1.391
0010	-0.445	1.510
0011	-0.710	1.128
0012	-0.515	1.435
0013	-0.781	1.345
0014	-0.787	1.148
0015	-0.282	1.101
0016	-0.521	1.128
0017	-0.011	1.073
0018	-0.135	1.324
0019	-0.627	1.118
0020	-0.276	1.140
0021	-0.744	1.143
0022	-0.416	1.187
0023	-0.552	1.225
0024	-0.696	1.522
0025	-0.648	1.135
0026	-0.771	1.250
0027	-0.824	1.326
0028	-0.568	1.212
0029	-0.601	1.620
0030	-0.952	1.141
0031	-0.489	1.188
0032	-0.677	1.127
0033	-1.002	1.113
0034	-0.942	1.902
0035	-0.571	1.444
0036	-0.529	1.063
0037	-0.582	1.086
0038	-0.249	1.359
0039	-0.691	1.303
0040	-0.556	1.610
0041	-0.682	1.178
0042	-0.671	1.554
0043	-0.421	1.134
0044	-0.245	1.304
0045	-0.763	1.335
0046	-0.346	1.226
0047	-0.288	1.121
0048	-0.367	1.567
0049	-0.495	1.417
0050	-0.213	1.699
0051	-0.762	1.264
0052	-0.700	1.336
0053	-0.411	1.778
0054	-0.525	1.126
0055	-0.498	1.162
0056	-1.075	1.165
0057	-0.553	1.811
0058	-0.366	1.138
0059	-0.312	1.244
0060	-0.740	1.029
0061	-0.191	1.778
0062	-0.521	1.173
0063	-0.706	1.152
0064	-0.825	1.089
0065	-0.612	1.098
0066	-0.559	1.138
0067	-0.757	1.273
0068	-0.400	1.409
0069	-0.634	1.262
0070	-0.647	1.312
0071	-0.478	1.284
0072	-0.571	1.125
0073	-0.288	1.257
0074	-0.569	1.251
0075	-0.259	1.136
0076	-0.494	1.262
0077	-0.412	1.302
0078	-0.715	1.412
0079	-0.934	1.397
0080	-0.400	1.182
0081	-0.515	1.284
0082	-0.668	1.198
0083	-0.747	1.123
0084	-0.133	1.156
0085	-0.865	1.447
0086	-0.568	1.135
0087	-0.741	1.124
0088	-0.295	1.183
0089	0.044	1.250
0090	-0.682	1.516
0091	-0.143	1.119
0092	-0.704	1.111
0093	-0.252	1.375
0094	-0.424	1.134
0095	-0.401	1.312
0096	-0.964	1.586
0097	-0.354	1.350
0098	-0.906	1.211
0099	-0.525	1.123
0100	-0.482	1.527
0101	-0.393	1.416
0102	-0.679	1.144
0103	-0.347	1.328
0104	-0.706	1.137
0105	-0.652	1.894
0106	-0.663	1.110
0107	-0.699	1.435
0108	-0.574	1.326
0109	-0.761	1.099
0110	-0.925	1.179
0111	-0.885	1.076
0112	-0.572	1.453
0113	-0.696	1.179
0114	-0.670	1.151
0115	-0.730	1.805
0116	-0.903	1.457
0117	-0.289	1.215
0118	-0.698	1.172
0119	-0.404	1.187
0120	-0.530	1.235
0121	-0.518	1.072
0122	-0.775	1.497
0123	-0.410	1.944
0124	-0.452	1.152
0125	-0.691	1.264
0126	-0.444	1.272
0127	-0.530	1.193
0128	-0.946	1.279
0129	-0.547	1.164
0130	-0.641	1.346
0131	-0.128	1.134
0132	-0.221	1.175
0133	-0.733	1.436
0134	-0.536	1.750
0135	-0.399	1.262
0136	-0.120	1.163
0137	-0.764	1.303
0138	-0.516	1.121
0139	-0.269	1.429
0140	-0.573	1.168
0141	-0.785	1.167
0142	-0.663	1.087
0143	-0.480	1.307
0144	-0.650	1.181
0145	-0.344	1.069
0146	-0.493	1.245
0147	-0.738	1.202
0148	-0.510	1.819
0149	-0.526	1.167
0150	-0.510	1.079
0151	-0.322	1.517
0152	-0.641	1.924
0153	-0.703	1.343
0154	-0.377	1.139
0155	-0.445	1.267
0156	-0.485	1.201
0157	-0.765	1.310
0158	-0.454	1.108
0159	-0.505	1.171
0160	-0.711	1.166
0161	-0.841	1.350
0162	-1.041	1.152
0163	-0.662	1.134
0164	-0.550	1.291
0165	-0.586	1.195
0166	-0.597	1.192
0167	-0.576	1.143
0168	-0.575	1.210
0169	-1.126	1.650
0170	-0.737	1.096
0171	-0.420	1.422
0172	-0.291	1.222
0173	-0.863	1.115
0174	-0.565	1.200
0175	-0.469	1.284
0176	-0.614	1.120
0177	-0.540	1.498
0178	-0.604	1.105
0179	-0.569	1.518
0180	-0.344	1.232
0181	-0.604	1.090
0182	-0.532	1.443
0183	-0.323	1.392
0184	-0.507	1.408
0185	-0.563	1.150
0186	-0.659	1.171
0187	-0.734	1.287
0188	-0.817	1.125
0189	-0.355	1.503
0190	-0.542	1.319
0191	-0.598	1.097
0192	-0.560	1.344
0193	-0.616	1.556
0194	-0.789	1.310
0195	-0.470	1.238
0196	-0.617	1.244
0197	-0.180	1.188
0198	-0.494	1.369
0199	-0.601	1.462
0200	-0.405	1.138
0201	-0.647	1.507
0202	-0.839	1.135
0203	-0.741	1.077
0204	-0.571	1.549
0205	-0.547	1.306
0206	-0.619	1.234
0207	-0.830	1.618
0208	-0.559	1.120
0209	-0.738	1.546
0210	-0.813	1.501
0211	-0.703	1.112
0212	-0.447	1.217
0213	-0.346	1.227
0214	-0.718	1.126
0215	-0.801	1.252
0216	-0.428	1.131
0217	-0.289	1.129
0218	-0.227	1.316
0219	-0.347	1.168
0220	-0.550	1.281
0221	-0.757	1.393
0222	-1.075	1.708
0223	-0.631	1.131
0224	-0.379	1.257
0225	-0.690	1.262
0226	-0.788	1.188
0227	-0.222	1.371
0228	-0.156	1.487
0229	-0.773	1.397
0230	-0.544	1.194
0231	-0.435	1.291
0232	-0.625	1.364
0233	-0.507	1.521
0234	-0.330	1.418
0235	-0.593	1.119
0236	-0.629	1.116
0237	-0.555	1.519
0238	-0.856	1.885
0239	-0.573	1.101
0240	-0.302	1.218
0241	-0.614	1.340
0242	-0.339	1.218
0243	-0.832	1.261
0244	-0.479	1.161
0245	-0.336	1.044
0246	-0.239	1.141
0247	-0.749	1.686
0248	-0.512	1.052
0249	-0.744	1.081
0250	-0.154	1.210
0251	-0.367	1.319
0252	-0.755	1.143
0253	-0.612	1.124
0254	-0.653	1.322
0255	-0.475	1.540
0256	-0.368	1.418
0257	-0.572	1.911
0258	-0.786	1.218
0259	-0.818	1.163
0260	-0.635	1.420
0261	-0.366	1.269
0262	-0.693	1.774
0263	-0.690	1.275
0264	-0.700	1.161
0265	-0.821	1.252
0266	-0.770	1.302
0267	-0.447	1.298
0268	-0.505	1.153
0269	-0.384	1.201
0270	-0.393	1.173
0271	-0.608	1.384
0272	-0.547	1.124
0273	-0.666	1.519
0274	-0.703	1.153
0275	-0.642	1.163
0276	-0.855	1.223
0277	-0.568	1.268
0278	-0.383	1.146
0279	-0.586	1.373
0280	-0.668	1.225
0281	-0.431	1.165
0282	-0.621	1.189
0283	-0.692	1.248
0284	-0.691	1.483
0285	-0.519	1.324
0286	-0.857	1.441
0287	-0.990	1.812
0288	-0.478	1.463
0289	-0.496	1.180
0290	-0.368	1.204
0291	-0.376	1.170
0292	-0.654	1.115
0293	-0.502	1.292
0294	-0.324	1.307
0295	-0.625	1.206
0296	-0.704	1.159
0297	-0.347	1.298
0298	-0.632	1.350
0299	-0.188	1.467
0300	-0.571	1.372
0301	-0.697	1.099
0302	-0.564	1.217
0303	-0.922	1.187
0304	-0.702	1.249
0305	-0.431	1.397
0306	-0.642	1.963
0307	-0.261	1.197
0308	-0.729	1.079
0309	-0.869	1.153
0310	-0.641	1.172
0311	-0.445	1.256
0312	-0.632	1.172
0313	-0.691	1.366
0314	-0.651	1.362
0315	-0.755	1.161
0316	-0.773	1.829
0317	-0.301	1.135
0318	-0.990	1.149
0319	-0.532	1.429
0320	-0.514	1.341
0321	-0.580	1.275
0322	-0.647	1.523
0323	-0.148	1.380
0324	-0.988	1.598
0325	-0.210	1.119
0326	-0.466	1.294
0327	-0.681	1.309
0328	-0.812	1.311
0329	-0.628	1.200
0330	-0.334	1.151
0331	-0.418	1.311
0332	-0.791	1.401
0333	-0.934	1.423
0334	-0.540	1.138
0335	-0.511	1.261
0336	-0.739	1.106
0337	-0.745	1.363
0338	-0.473	1.275
0339	-0.496	1.457
0340	-0.656	1.160
0341	-0.535	1.117
0342	-0.527	1.084
0343	-0.716	1.692
0344	-0.659	1.180
0345	-0.434	1.197
0346	-0.694	1.552
0347	-0.605	1.249
0348	-0.485	1.077
0349	-0.769	1.409
0350	-0.379	1.443
0351	-0.664	1.116
0352	-0.609	1.094
0353	-0.726	1.169
0354	-0.403	1.086
0355	-0.638	1.410
0356	-0.987	1.185
0357	-0.712	1.353
0358	-0.542	1.245
0359	-0.484	1.137
0360	-0.365	1.389
0361	-0.278	1.144
0362	-0.430	1.191
0363	-0.803	1.177
0364	-0.905	1.281
0365	-0.675	1.087
0366	-0.503	1.215
0367	-0.471	1.229
0368	-0.313	1.097
0369	-0.712	1.377
0370	-0.474	1.414
0371	-0.771	1.118
0372	-0.717	1.562
0373	-0.590	1.493
0374	-0.535	1.186
0375	-0.685	1.650
0376	-0.740	1.187
0377	-0.572	1.222
0378	-0.496	1.400
0379	-0.767	1.294
0380	-0.243	1.316
0381	-0.746	1.402
0382	-0.805	1.140
0383	-0.798	1.183
0384	-0.671	1.259
0385	-0.528	1.192
0386	-0.486	1.619
0387	-0.194	1.174
0388	-0.316	1.140
0389	-0.503	1.114
0390	-0.624	1.467
0391	-0.533	1.230
0392	-0.756	1.229
0393	-1.023	1.142
0394	-0.513	1.183
0395	-0.762	1.115
0396	-0.661	1.063
0397	-0.202	1.497
0398	-0.624	1.558
0399	-0.478	1.251
0400	-0.724	1.470
0401	-0.424	1.237
0402	-0.887	1.462
0403	-0.336	1.383
0404	-0.734	1.085
0405	-0.899	1.859
0406	-0.139	1.204
0407	-0.588	1.328
0408	-0.477	1.197
0409	-0.540	1.178
0410	-0.728	1.196
0411	-0.783	1.210
0412	-0.300	1.295
0413	-0.327	1.248
0414	-0.452	1.108
0415	-0.702	1.857
0416	-0.357	1.594
0417	-0.337	1.146
0418	-0.479	1.145
0419	-0.360	1.168
0420	-0.482	1.135
0421	-0.773	1.292
0422	-0.075	1.092
0423	-0.173	1.164
0424	-0.736	1.499
0425	-0.824	1.412
0426	-0.661	1.052
0427	-0.477	1.136
0428	-0.367	1.167
0429	-0.537	1.105
0430	-0.838	1.175
0431	-0.305	1.511
0432	-0.235	1.513
0433	-0.268	1.290
0434	-0.327	1.143
0435	-0.341	1.331
0436	-0.644	1.128
0437	-0.134	1.163
0438	-0.304	1.730
0439	-0.818	1.201
0440	-0.719	1.233
0441	-0.521	1.182
0442	-0.761	1.232
0443	-0.081	1.232
0444	-0.788	1.163
0445	-0.600	1.064
0446	-0.514	1.242
0447	-0.739	1.191
0448	-0.601	1.164
0449	-0.693	1.305
0450	-0.438	1.331
0451	-0.527	1.229
0452	-0.880	1.330
0453	-0.655	1.557
0454	-0.463	1.152
0455	-0.852	1.316
0456	-0.368	1.183
0457	-0.608	1.219
0458	-0.531	1.363
0459	-0.865	1.168
0460	-0.758	1.081
0461	-0.725	1.162
0462	-0.664	1.142
0463	-0.852	1.295
0464	-0.634	1.194
0465	-0.379	1.298
0466	-0.525	1.189
0467	-0.881	1.116
0468	-0.417	1.297
0469	-0.487	1.250
0470	-0.414	1.236
0471	-0.560	1.211
0472	-0.646	1.176
0473	-0.550	1.497
0474	-0.875	1.258
0475	-0.451	1.231
0476	-0.695	1.137
0477	-0.735	1.148
0478	-0.857	1.157
0479	-0.423	1.130
0480	-0.665	1.426
0481	-0.683	1.243
0482	-0.545	1.094
0483	-0.637	1.151
0484	-0.786	1.127
0485	-0.462	1.549
0486	-0.489	1.115
0487	-0.599	1.135
0488	-0.728	1.568
0489	-0.663	1.573
0490	-0.775	1.198
0491	-0.606	1.340
0492	-0.872	1.398
0493	-0.573	1.504
0494	-0.494	1.154
0495	-0.458	1.071
0496	-0.716	1.161
0497	-0.486	1.286
0498	-0.718	1.233
0499	-0.633	1.114
0500	-0.581	1.396
0501	-0.643	1.367
0502	-0.716	1.186
0503	-0.282	1.297
0504	-0.410	1.225
0505	-0.410	1.718
0506	-0.109	1.528
0507	-0.557	1.311
0508	-0.329	1.640
0509	-0.229	1.185
0510	-0.381	1.229
0511	-0.713	1.271
0512	-0.603	1.479
0513	-0.263	1.167
0514	-0.559	1.184
0515	-0.444	1.139
0516	-0.151	1.706
0517	-0.280	1.167
0518	-0.636	1.266
0519	-1.006	1.728
0520	-0.461	1.210
0521	-0.522	1.120
0522	-0.519	1.149
0523	-0.709	1.176
0524	-0.830	1.109
0525	-0.647	1.298
0526	-0.295	1.186
0527	-0.627	1.304
0528	-0.658	1.160
0529	-0.255	1.310
0530	-0.285	1.085
0531	-0.688	1.116
0532	-0.328	1.092
0533	-0.679	1.097
0534	0.010	1.416
0535	-0.573	1.887
0536	-0.735	1.154
0537	-0.447	1.181
0538	-0.587	1.166
0539	-0.680	1.492
0540	-0.621	1.341
0541	-0.532	1.135
0542	-0.514	1.525
0543	-0.543	1.708
0544	-0.701	1.234
0545	-0.878	1.190
0546	-0.500	1.175
0547	-0.551	1.349
0548	-0.203	1.139
0549	-0.675	1.095
0550	-0.491	1.283
0551	-0.736	1.201
0552	-0.811	1.102
0553	-0.629	1.281
0554	-0.700	1.236
0555	-0.327	1.353
0556	-0.430	1.138
0557	-0.491	1.244
0558	-0.766	1.460
0559	-0.291	1.077
0560	-0.527	1.372
0561	-0.469	2.018
0562	-0.476	1.760
0563	-0.278	1.216
0564	-0.658	1.407
0565	-0.817	1.237
0566	-0.669	1.359
0567	-0.641	1.323
0568	-0.500	1.070
0569	-0.358	1.284
0570	-0.789	1.232
0571	-0.688	1.152
0572	-0.164	1.174
0573	-0.436	1.127
0574	-0.665	1.236
0575	-0.337	1.142
0576	-0.284	1.737
0577	-0.173	1.169
0578	-0.439	1.301
0579	-0.721	1.121
0580	-0.427	1.137
0581	-0.299	1.698
0582	-0.895	1.204
0583	-0.134	1.138
0584	-0.859	1.225
0585	-0.560	1.693
0586	-0.838	1.368
0587	-0.242	1.408
0588	-0.051	1.465
0589	-0.701	1.312
0590	-0.542	1.251
0591	-0.564	1.352
0592	-0.019	1.118
0593	-0.487	1.198
0594	-0.604	1.150
0595	-0.452	1.369
0596	-0.511	1.544
0597	-0.346	1.148
0598	-0.287	1.796
0599	-0.599	1.366
0600	-0.736	1.179
0601	-0.758	1.119
0602	-0.510	1.258
0603	-0.674	1.275
0604	-0.981	1.139
0605	-0.915	1.117
0606	-0.459	1.294
0607	-0.744	1.229
0608	-0.772	1.450
0609	-0.444	1.226
0610	-0.356	1.671
0611	-0.429	1.179
0612	-0.802	1.259
0613	-0.605	1.945
0614	-0.356	1.216
0615	-0.764	1.124
0616	-0.304	1.535
0617	-0.678	1.329
0618	-0.846	1.304
0619	-0.906	1.319
0620	-0.520	1.262
0621	-0.597	1.192
0622	-0.735	1.272
0623	-0.704	1.125
0624	-0.108	1.233
0625	-0.459	1.747
0626	-0.850	1.339
0627	-0.371	1.349
0628	-0.562	1.544
0629	-0.812	1.565
0630	-0.836	1.142
0631	-0.806	1.225
0632	-0.886	1.153
0633	-0.994	1.135
0634	-0.328	1.197
0635	-0.901	1.857
0636	-0.624	1.458
0637	-0.721	1.235
0638	-0.425	1.549
0639	-0.402	1.111
0640	-0.447	1.337
0641	-0.532	1.177
0642	-0.566	1.101
0643	-0.510	1.336
0644	-0.730	1.183
0645	-0.836	1.442
0646	-0.614	1.130
0647	-0.529	1.211
0648	-0.495	1.270
0649	-0.227	1.125
0650	-0.393	1.544
0651	-0.804	1.566
0652	-0.421	1.365
0653	-0.768	1.169
0654	-0.393	1.202
0655	-0.443	1.498
0656	-0.782	1.171
0657	-0.519	1.333
0658	-0.863	1.412
0659	-0.734	1.289
0660	-0.793	1.232
0661	-0.865	1.240
0662	-0.835	1.225
0663	-0.616	1.137
0664	-0.220	1.115
0665	-0.675	1.165
0666	-0.641	1.118
0667	-0.019	1.151
0668	-0.306	1.229
0669	-0.512	1.168
0670	-0.496	1.235
0671	-0.412	1.266
0672	-0.657	1.059
0673	-0.393	1.297
0674	-0.698	1.260
0675	-0.320	1.106
0676	-0.564	1.516
0677	-0.587	1.526
0678	-0.307	1.202
0679	-0.622	1.164
0680	-0.735	1.831
0681	-0.741	1.646
0682	-0.668	1.125
0683	-0.743	1.312
0684	-0.835	1.100
0685	-0.904	1.158
0686	-0.802	1.147
0687	-0.674	1.677
0688	-0.522	1.466
0689	-0.613	1.177
0690	-0.516	1.288
0691	-0.762	1.895
0692	-1.063	1.290
0693	-0.505	1.143
0694	-0.481	1.462
0695	-0.691	1.269
0696	-0.634	1.141
0697	-0.227	1.174
0698	-0.484	1.310
0699	-0.375	1.218
0700	-0.202	1.504
0701	-0.518	1.362
0702	-0.514	1.083
0703	-0.335	1.227
0704	-0.635	1.309
0705	-0.565	1.469
0706	-0.586	1.432
0707	-0.514	1.162
0708	-0.769	1.110
0709	-0.508	1.884
0710	-0.842	1.175
0711	-0.169	1.347
0712	-0.571	1.394
0713	-0.591	1.876
0714	-0.171	1.126
0715	-0.462	1.189
0716	-0.533	1.244
0717	-0.580	1.189
0718	-0.735	1.606
0719	-0.913	1.223
0720	-0.699	1.616
0721	-0.472	1.368
0722	-0.355	1.129
0723	-0.516	1.236
0724	-0.551	1.831
0725	-0.367	1.290
0726	-0.295	1.365
0727	-0.030	1.214
0728	-0.692	1.219
0729	-0.293	1.231
0730	-0.121	1.578
0731	-0.566	1.154
0732	-0.773	1.233
0733	-0.448	1.224
0734	-0.879	1.178
0735	-0.403	1.404
0736	-0.819	1.152
0737	-0.703	1.088
0738	-0.633	1.632
0739	-0.525	1.744
0740	-0.524	1.125
0741	-0.439	1.146
0742	-0.985	1.347
0743	-0.441	1.114
0744	-0.454	1.424
0745	-0.657	1.333
0746	-0.482	1.145
0747	-0.029	1.294
0748	-0.606	1.285
0749	-0.326	1.161
0750	-0.842	1.585
0751	-0.218	1.282
0752	-0.903	1.169
0753	-0.601	1.345
0754	-0.348	1.450
0755	-0.561	1.624
0756	-0.579	1.245
0757	-0.373	1.200
0758	-0.696	1.372
0759	-0.676	1.308
0760	-0.308	1.113
0761	-0.541	1.094
0762	-0.562	1.237
0763	-0.456	1.172
0764	-0.624	1.404
0765	-0.556	1.257
0766	-0.653	1.137
0767	-0.533	1.162
0768	-0.421	1.135
0769	-0.621	1.496
0770	-0.492	1.917
0771	-0.428	1.494
0772	-0.132	1.338
0773	-0.206	1.746
0774	-0.688	1.407
0775	-0.545	1.164
0776	-0.543	1.181
0777	-0.445	1.159
0778	-0.534	1.300
0779	-0.392	1.144
0780	-0.296	1.200
0781	-0.113	1.227
0782	-0.512	1.144
0783	-0.343	1.081
0784	-0.568	1.202
0785	-0.422	1.145
0786	-0.551	1.151
0787	-0.742	1.158
0788	-0.754	1.374
0789	-0.685	1.121
0790	-0.868	1.137
0791	-0.626	1.401
0792	-0.654	1.114
0793	-0.479	1.166
0794	-0.537	1.771
0795	-0.323	1.266
0796	-0.470	1.553
0797	-0.411	1.553
0798	-0.555	1.064
0799	-0.383	1.336
0800	-0.806	1.294
0801	-0.653	1.205
0802	-0.606	1.112
0803	-0.415	1.311
0804	-0.238	1.120
0805	-0.740	1.537
0806	-0.492	1.128
0807	-0.755	1.185
0808	-0.664	1.358
0809	-0.638	1.152
0810	-0.637	1.299
0811	-0.581	1.344
0812	-0.434	1.978
0813	-0.676	1.090
0814	-0.150	1.471
0815	-0.536	1.255
0816	-0.946	1.146
0817	-0.849	1.215
0818	-0.624	1.287
0819	-0.514	1.134
0820	-0.321	1.205
0821	-0.895	1.162
0822	-0.491	1.263
0823	-0.317	1.178
0824	-0.716	1.141
0825	-0.633	1.277
0826	-0.858	1.229
0827	-0.338	1.488
0828	-0.184	1.152
0829	-0.767	1.068
0830	-1.019	1.504
0831	-0.775	1.471
0832	-0.490	1.154
0833	-0.605	1.438
0834	-0.758	1.180
0835	-0.688	1.127
0836	-0.731	1.513
0837	-0.517	1.112
0838	-0.601	1.090
0839	-0.302	1.554
0840	-0.639	1.112
0841	-0.929	1.113
0842	-0.316	1.041
0843	-0.933	1.177
0844	-0.632	1.289
0845	-0.731	1.146
0846	-0.617	1.224
0847	-0.793	1.556
0848	-0.418	1.428
0849	-1.066	1.313
0850	-0.392	1.643
0851	-0.395	1.597
0852	-0.595	1.663
0853	-0.822	1.266
0854	-0.759	1.095
0855	-0.636	1.242
0856	-0.380	1.204
0857	-0.439	1.362
0858	-0.547	1.246
0859	-0.518	1.159
0860	-0.172	1.268
0861	-0.517	1.353
0862	-0.864	1.710
0863	-0.257	1.228
0864	-0.713	1.173
0865	-0.728	1.269
0866	-0.653	1.214
0867	-0.686	1.208
0868	-0.721	1.108
0869	-0.513	1.314
0870	-0.426	1.273
0871	-0.703	1.628
0872	-0.604	1.215
0873	-0.104	1.308
0874	-0.437	1.147
0875	-0.746	1.444
0876	-0.349	1.250
0877	-0.620	1.126
0878	-0.716	1.583
0879	-0.723	1.178
0880	-0.664	1.150
0881	-0.303	1.178
0882	-0.411	1.122
0883	-0.591	1.182
0884	-0.576	1.087
0885	-0.711	1.114
0886	-0.793	1.112
0887	-0.247	1.149
0888	-0.310	1.322
0889	-0.472	2.203
0890	-0.360	1.096
0891	-0.565	1.885
0892	-0.462	1.391
0893	-0.549	1.467
0894	-0.390	1.631
0895	-0.547	1.161
0896	-0.668	1.423
0897	-0.430	1.286
0898	-0.779	1.448
0899	-0.368	1.123
0900	-0.225	1.297
0901	-0.485	1.184
0902	-0.667	1.164
0903	-0.748	1.153
0904	-0.630	1.294
0905	-0.626	1.272
0906	-0.532	1.054
0907	-0.420	1.303
0908	-0.599	1.834
0909	-0.579	1.391
0910	-0.436	1.130
0911	-0.469	1.241
0912	-0.742	1.434
0913	-0.257	1.306
0914	-0.589	1.284
0915	-0.671	1.077
0916	-0.345	1.560
0917	-0.774	1.156
0918	-0.589	1.127
0919	-0.605	1.162
0920	-0.772	1.209
0921	-0.830	1.290
0922	-0.311	1.633
0923	-0.629	1.485
0924	-0.612	1.155
0925	-0.547	1.359
0926	-0.526	1.198
0927	-0.804	1.336
0928	-0.805	1.226
0929	-0.577	1.562
0930	-0.191	1.211
0931	-0.694	1.290
0932	-0.249	1.305
0933	-0.232	1.255
0934	-0.682	1.278
0935	-0.488	1.189
0936	-0.596	1.544
0937	-0.487	1.095
0938	-0.240	1.174
0939	-0.444	1.097
0940	-0.737	1.358
0941	-0.560	1.218
0942	-0.608	1.423
0943	-0.563	1.194
0944	-0.186	1.362
0945	-0.445	1.120
0946	-0.427	1.255
0947	-0.490	1.073
0948	-0.587	1.553
0949	-0.799	1.234
0950	-0.620	1.633
0951	-0.493	1.085
0952	-0.236	1.127
0953	-0.259	1.144
0954	-0.071	1.161
0955	-0.819	1.337
0956	-0.201	1.267
0957	-0.545	1.245
0958	-0.663	1.081
0959	-0.512	1.153
0960	-0.525	1.468
0961	-0.270	1.152
0962	-0.908	1.238
0963	-0.287	1.209
0964	-0.515	1.177
0965	-0.179	1.569
0966	-0.991	2.207
0967	-0.562	1.174
0968	-0.449	1.135
0969	-0.883	1.633
0970	-0.542	1.308
0971	-0.612	1.211
0972	-0.681	1.505
0973	-0.545	1.413
0974	-0.525	1.415
0975	-0.549	1.452
0976	-0.663	1.267
0977	-0.414	1.240
0978	-0.069	1.142
0979	-0.610	1.517
0980	-0.325	1.577
0981	-1.051	1.236
0982	-0.792	1.117
0983	-0.718	1.696
0984	-0.689	1.318
0985	-0.560	1.114
0986	-0.669	1.160
0987	-0.507	1.493
0988	-0.887	1.195
0989	-0.815	1.358
0990	-0.662	1.215
0991	-0.560	1.161
0992	-0.269	1.211
0993	-0.579	1.587
0994	-0.560	1.126
0995	-0.374	1.336
0996	-0.665	1.317
0997	-0.616	1.117
0998	-0.700	1.305
0999	-0.980	1.165
1000	-0.661	1.446
1001	-0.309	1.516
1002	-0.690	1.339
1003	-0.329	1.395
1004	-0.790	1.200
1005	-0.109	1.308
1006	-0.739	1.168
1007	-0.949	1.238
1008	-0.352	1.369
1009	-0.443	1.150
1010	-0.136	1.168
1011	-0.366	1.668
1012	-0.520	1.106
1013	-0.521	1.325
1014	-0.414	1.578
1015	-0.948	1.139
1016	-0.626	1.307
1017	-0.614	1.197
1018	-0.339	1.229
1019	-0.669	1.501
1020	-0.204	1.177
1021	-0.168	1.261
1022	-0.653	1.214
1023	-0.734	1.246
1024	-0.338	1.171
1025	-0.915	1.896
1026	-0.109	1.240
1027	-0.338	1.897
1028	-0.553	1.289
1029	-0.608	1.708
1030	-0.311	1.172
1031	-0.397	1.104
1032	-0.924	1.093
1033	-0.955	1.139
1034	-0.434	1.320
1035	-0.731	1.703
1036	-0.619	1.603
1037	-0.496	1.465
1038	-0.507	1.295
1039	-0.271	1.403
1040	-0.380	1.112
1041	-0.752	1.415
1042	-0.453	1.134
1043	-0.167	1.093
1044	-0.674	1.234
1045	-0.798	1.266
1046	-0.401	1.118
1047	-0.532	1.219
1048	-0.427	1.508
1049	-0.620	1.435
1050	-0.245	1.078
1051	-0.418	1.113
1052	-0.446	1.515
1053	-0.646	1.209
1054	-1.041	1.494
1055	-0.873	1.180
1056	-1.070	1.380
1057	-0.556	1.672
1058	-0.539	1.240
1059	-0.342	1.137
1060	-0.279	1.497
1061	-0.471	1.081
1062	-0.533	1.227
1063	-0.689	1.172
1064	-0.400	1.163
1065	-0.417	1.369
1066	-0.453	1.157
1067	-0.619	1.408
1068	-0.457	1.585
1069	-0.585	1.273
1070	-0.509	1.163
1071	-0.642	1.349
1072	-0.520	1.586
1073	-0.687	1.312
1074	-0.139	1.127
1075	-0.747	1.211
1076	-0.798	1.249
1077	-0.746	1.142
1078	-0.122	1.194
1079	-0.458	1.051
1080	-0.521	1.348
1081	-0.240	1.172
1082	-0.469	1.399
1083	-0.516	1.275
1084	-0.363	1.362
1085	-0.406	1.125
1086	-0.463	1.330
1087	-0.744	1.114
1088	0.037	1.323
1089	-0.516	1.229
1090	-0.379	1.392
1091	-0.758	1.210
1092	-1.299	1.221
1093	-0.634	1.340
1094	-0.253	1.644
1095	-0.353	1.233
1096	-0.307	1.086
1097	-0.389	1.153
1098	-1.024	1.134
1099	-0.690	1.256
1100	-1.089	1.330
1101	-0.792	1.241
1102	-0.286	1.177
1103	-0.504	1.185
1104	-0.492	1.482
1105	-0.482	1.243
1106	-0.645	2.042
1107	-0.191	1.151
1108	-0.382	1.292
1109	-0.698	1.281
1110	-1.011	1.151
1111	-0.671	1.250
1112	-0.467	1.147
1113	-0.562	1.590
1114	-1.058	1.226
1115	-0.526	1.650
1116	-0.745	1.088
1117	-0.569	1.247
1118	-0.778	1.229
1119	-0.813	1.533
1120	-0.909	1.666
1121	-0.578	1.156
1122	-0.530	1.389
1123	-0.252	1.236
1124	-0.864	1.166
1125	-0.437	1.217
1126	-0.849	1.103
1127	-0.272	1.089
1128	-0.430	1.166
1129	-0.371	1.218
1130	-0.889	1.608
1131	-0.790	1.333
1132	-0.872	1.291
1133	-0.543	1.260
1134	-0.299	1.467
1135	-0.945	1.158
1136	-0.413	1.239
1137	-0.460	1.199
1138	-1.031	1.260
1139	-0.360	1.197
1140	-0.716	1.088
1141	-0.171	1.459
1142	-0.660	1.542
1143	-0.524	1.301
1144	-0.896	1.161
1145	-0.660	1.725
1146	-0.726	1.304
1147	-0.578	1.341
1148	-0.433	1.255
1149	-0.959	1.229
1150	-0.660	1.144
1151	-0.765	1.167
1152	-0.528	1.105
1153	-0.709	1.325
1154	-0.207	1.124
1155	-0.406	1.187
1156	-0.400	1.157
1157	-0.630	1.743
1158	-0.397	1.292
1159	-0.387	1.144
1160	-0.786	1.709
1161	-0.829	1.197
1162	-0.623	1.361
1163	-0.884	1.258
1164	-0.636	1.266
1165	-0.458	1.129
1166	-0.414	1.269
1167	-0.530	1.336
1168	-0.298	1.075
1169	-0.950	1.144
1170	-0.932	1.119
1171	-0.522	1.366
1172	-0.549	1.236
1173	-0.674	1.112
1174	-0.592	1.240
1175	-0.874	1.224
1176	-0.955	1.294
1177	-0.660	1.386
1178	-0.831	1.179
1179	-0.272	1.123
1180	-0.442	1.737
1181	-0.553	1.411
1182	-0.338	1.164
1183	-0.573	1.182
1184	-1.016	1.683
1185	-0.662	1.096
1186	-0.473	1.267
1187	-0.417	1.348
1188	-0.627	1.135
1189	-0.347	1.310
1190	-0.534	1.182
1191	-0.567	1.262
1192	-0.241	1.121
1193	-0.701	1.087
1194	-0.808	1.070
1195	-0.686	1.162
1196	-0.651	1.201
1197	-0.357	1.143
1198	-0.890	1.264
1199	-0.697	1.719
1200	-0.758	1.156
1201	-0.671	1.478
1202	-0.828	1.113
1203	-0.900	1.324
1204	-0.809	1.702
1205	-0.477	1.205
1206	-0.862	1.194
1207	-0.565	1.118
1208	-0.365	1.431
1209	-0.852	1.340
1210	-0.283	1.525
1211	-0.699	1.130
1212	-0.522	1.339
1213	-0.989	1.222
1214	-0.553	1.170
1215	-0.522	1.327
1216	-0.652	1.461
1217	-0.849	1.233
1218	-0.667	1.163
1219	-0.554	1.414
1220	-0.693	1.825
1221	-0.649	1.686
1222	-0.324	1.591
1223	-1.015	1.153
1224	-0.832	1.276
1225	-0.180	1.352
1226	-0.715	1.201
1227	-0.429	1.148
1228	-0.599	1.131
1229	-0.564	1.252
1230	-0.573	1.695
1231	-0.887	1.185
1232	-0.413	1.347
1233	-0.560	1.133
1234	-0.686	1.065
1235	-0.352	1.344
1236	-0.543	1.273
1237	-0.086	1.183
1238	-0.682	1.162
1239	-0.736	1.211
1240	-0.591	1.335
1241	-0.338	1.211
1242	-0.674	1.202
1243	-0.643	1.254
1244	-0.685	1.478
1245	-0.518	1.267
1246	-0.531	1.637
1247	-0.694	1.118
1248	-0.156	1.166
1249	-0.715	1.237
1250	-0.628	1.192
1251	-0.810	1.098
1252	-0.648	1.302
1253	-0.141	1.471
1254	-0.399	1.268
1255	-0.305	1.164
1256	-0.592	1.267
1257	-0.545	1.334
1258	-0.542	1.092
1259	-0.181	1.225
1260	-0.578	1.205
1261	-0.431	1.101
1262	-0.448	1.274
1263	-0.256	1.139
1264	-0.312	1.112
1265	-0.914	1.267
1266	-0.858	1.486
1267	-0.490	1.152
1268	-0.574	1.218
1269	-0.707	1.145
1270	-0.261	1.156
1271	-0.656	1.227
1272	-0.734	1.306
1273	-0.319	1.215
1274	-0.559	1.261
1275	-0.359	1.448
1276	-0.486	1.765
1277	-0.538	1.221
1278	-0.015	1.458
1279	-0.423	1.146
1280	-0.237	1.291
1281	-0.580	1.196
1282	-0.462	1.150
1283	-0.545	1.460
1284	-0.825	1.198
1285	-0.870	1.129
1286	-0.879	1.365
1287	-0.495	1.297
1288	-0.815	1.531
1289	-0.687	1.329
1290	-0.391	1.236
1291	-0.250	1.272
1292	-0.398	1.143
1293	-0.386	1.839
1294	-0.391	1.406
1295	-0.178	2.023
1296	-0.863	1.156
1297	-0.575	1.186
1298	-0.348	1.683
1299	-1.025	1.226
1300	-0.154	1.386
1301	-0.526	1.370
1302	-0.442	1.117
1303	-0.579	1.114
1304	-0.307	1.402
1305	-0.146	1.101
1306	-0.473	1.667
1307	-0.549	1.118
1308	-0.542	1.509
1309	-0.286	1.718
1310	-0.479	1.212
1311	-0.125	1.152
1312	-0.851	1.368
1313	-0.924	1.210
1314	-1.050	1.173
1315	-0.397	1.661
1316	-0.489	1.276
1317	-0.522	1.208
1318	-0.404	1.141
1319	-0.573	1.189
1320	-0.753	1.334
1321	-0.476	1.250
1322	-0.692	1.558
1323	-0.805	1.307
1324	-0.257	1.233
1325	-0.340	1.173
1326	-0.571	1.391
1327	-0.334	1.111
1328	-0.720	1.895
1329	-0.552	1.146
1330	-0.502	1.442
1331	-0.971	1.250
1332	-0.549	1.145
1333	-0.381	1.128
1334	-0.681	1.225
1335	-0.411	1.361
1336	-0.463	1.233
1337	-0.548	1.272
1338	-0.357	1.158
1339	-0.156	1.288
1340	-0.422	1.110
1341	-0.894	1.309
1342	-0.955	1.164
1343	-0.217	1.139
1344	-0.864	1.226
1345	-0.564	1.192
1346	-0.134	1.146
1347	-0.641	1.398
1348	-0.671	1.160
1349	-0.172	1.356
1350	-0.533	1.401
1351	-0.288	1.142
1352	-0.691	1.154
1353	-0.544	1.086
1354	-0.826	1.182
1355	-0.992	1.888
1356	-0.556	1.515
1357	-0.337	1.121
1358	-0.798	1.241
1359	-0.642	1.151
1360	-0.822	1.185
1361	-0.177	1.257
1362	-0.742	1.226
1363	-0.565	1.264
1364	-0.586	1.227
1365	-0.467	1.336
1366	-0.508	1.093
1367	-0.551	1.114
1368	-0.317	1.085
1369	-0.443	1.072
1370	-0.719	1.360
1371	-0.160	1.154
1372	-0.632	1.277
1373	-0.388	1.144
1374	-0.535	1.516
1375	-0.363	1.384
1376	-0.464	1.181
1377	-0.533	1.143
1378	-0.357	1.121
1379	-0.488	1.178
1380	-0.521	1.295
1381	-0.521	1.844
1382	-0.600	1.266
1383	-0.512	1.186
1384	-0.574	1.172
1385	-0.105	1.157
1386	-0.501	1.338
1387	-1.009	1.169
1388	-0.608	1.105
1389	-0.306	1.197
1390	-0.419	1.117
1391	-0.620	1.150
1392	-0.670	1.270
1393	-0.574	1.256
1394	-0.235	1.184
1395	-0.435	1.447
1396	-0.764	1.741
1397	-0.570	1.232
1398	-0.621	1.407
1399	-0.473	1.151
1400	-0.233	1.133
1401	-0.553	1.299
1402	-0.306	1.291
1403	-0.504	1.467
1404	-0.488	1.377
1405	-0.568	1.382
1406	-0.602	1.513
1407	-0.582	1.142
1408	-0.147	1.443
1409	-0.661	1.201
1410	-0.330	1.228
1411	-0.390	1.216
1412	-0.417	1.344
1413	-0.762	1.298
1414	-0.793	1.262
1415	-0.466	1.223
1416	-0.330	1.343
1417	-0.578	1.894
1418	-0.525	1.264
1419	-0.564	1.269
1420	-0.718	1.215
1421	-0.753	1.305
1422	-0.823	1.155
1423	-0.650	1.208
1424	-0.526	1.233
1425	-0.555	1.613
1426	-0.446	1.168
1427	-0.517	1.197
1428	-0.358	1.125
1429	-0.879	1.080
1430	-0.420	1.329
1431	-0.379	1.165
1432	-0.278	1.187
1433	-0.456	1.122
1434	-0.702	1.646
1435	-0.899	1.332
1436	-0.303	1.106
1437	-0.661	1.134
1438	-0.515	1.397
1439	-0.685	1.129
1440	-0.667	1.519
1441	-0.371	1.247
1442	-0.582	1.138
1443	-0.491	1.420
1444	-0.669	1.218
1445	-0.312	1.548
1446	-0.797	1.724
1447	-0.650	1.620
1448	-0.391	1.112
1449	-0.494	1.425
1450	-0.423	1.319
1451	-0.760	1.209
1452	-0.693	1.195
1453	-0.762	1.115
1454	-0.517	1.120
1455	-0.922	1.136
1456	-0.644	1.195
1457	-0.789	1.137
1458	-0.782	1.395
1459	-0.452	1.245
1460	-0.466	1.281
1461	-0.861	1.857
1462	-0.618	1.547
1463	-0.927	1.293
1464	-0.454	1.227
1465	-0.366	1.117
1466	-0.271	1.140
1467	-0.883	1.274
1468	-0.637	1.127
1469	-0.582	1.220
1470	-0.515	1.195
1471	-0.566	1.579
1472	-0.282	1.212
1473	-0.286	1.127
1474	-0.514	1.405
1475	-0.443	1.129
1476	-0.771	1.434
1477	-0.176	1.293
1478	-0.648	1.576
1479	-0.322	1.469
1480	-0.510	1.207
1481	-0.602	1.149
1482	-0.482	1.310
1483	-0.279	1.185
1484	-0.558	1.270
1485	-0.322	1.169
1486	-0.660	1.226
1487	-0.566	1.377
1488	-0.465	1.142
1489	-0.365	1.276
1490	-0.514	1.497
1491	-0.365	1.358
1492	-0.164	1.245
1493	-0.641	1.349
1494	-0.601	1.362
1495	-0.446	1.160
1496	-0.112	1.184
1497	-0.676	1.136
1498	-0.199	1.408
1499	-0.491	1.768
1500	-0.191	1.300
1501	-0.791	1.120
1502	-0.685	1.116
1503	-0.424	1.176
1504	-0.761	1.610
1505	-0.532	1.212
1506	-0.351	1.178
1507	-0.582	1.325
1508	-0.717	1.179
1509	-0.258	1.139
1510	-0.900	1.044
1511	-0.549	1.405
1512	-0.551	1.201
1513	-0.413	1.400
1514	-0.451	1.157
1515	-0.574	1.476
1516	-0.255	1.191
1517	-0.577	1.292
1518	-0.201	1.644
1519	-0.599	1.084
1520	-0.559	1.170
1521	-0.634	1.452
1522	-0.587	1.513
1523	-0.377	1.180
1524	-0.860	1.121
1525	-0.747	1.416
1526	-0.783	1.140
1527	-0.274	1.408
1528	-0.915	1.119
1529	-0.476	1.173
1530	-0.825	1.173
1531	-0.670	1.175
1532	-0.710	1.512
1533	-0.693	1.128
1534	-0.512	1.252
1535	-0.711	1.154
1536	-0.392	1.231
1537	-0.658	1.165
1538	-0.332	1.157
1539	-0.029	1.250
1540	-0.553	1.260
1541	-0.299	1.156
1542	-0.444	1.438
1543	-0.491	1.438
1544	-0.730	1.282
1545	-0.887	1.394
1546	-0.443	1.420
1547	-0.300	1.164
1548	-0.647	1.175
1549	-0.518	1.141
1550	-0.668	1.144
1551	-0.468	1.364
1552	-0.286	1.148
1553	-0.210	1.490
1554	-0.878	1.325
1555	-0.431	1.341
1556	-0.521	1.258
1557	-0.681	1.386
1558	-0.749	1.167
1559	-0.649	1.121
1560	-0.364	1.218
1561	-0.537	1.417
1562	-0.410	1.448
1563	-0.872	1.187
1564	-0.175	1.655
1565	-0.506	1.142
1566	-0.777	1.116
1567	-0.603	1.227
1568	-0.365	1.150
1569	-0.935	1.122
1570	-0.402	1.083
1571	-0.945	1.118
1572	-0.327	1.176
1573	-0.963	1.380
1574	-0.439	1.184
1575	-0.299	1.195
1576	-0.920	1.143
1577	-0.612	1.129
1578	-1.121	1.348
1579	-0.860	1.573
1580	-0.323	1.123
1581	-0.544	1.149
1582	-0.242	1.141
1583	-0.268	1.292
1584	-0.541	1.290
1585	-0.528	1.118
1586	-0.658	1.142
1587	-0.405	1.243
1588	-0.359	1.732
1589	-0.622	1.217
1590	-0.559	1.164
1591	-0.793	1.227
1592	-0.681	1.107
1593	-0.747	1.238
1594	-0.355	1.194
1595	-0.507	1.197
1596	-0.383	1.177
1597	-0.874	1.177
1598	-0.606	1.242
1599	-0.585	1.316
1600	-0.670	1.400
1601	-0.588	1.309
1602	-0.259	1.189
1603	-0.518	1.186
1604	-0.459	1.204
1605	-0.610	1.468
1606	-0.208	1.327
1607	-0.646	1.329
1608	-0.524	1.143
1609	-0.596	1.577
1610	-0.598	1.323
1611	-0.688	1.157
1612	-0.322	1.206
1613	-0.649	1.128
1614	-0.346	1.409
1615	-0.385	1.245
1616	-0.447	1.327
1617	-0.554	1.267
1618	-0.413	1.306
1619	-0.784	1.186
1620	-0.876	1.176
1621	-1.029	1.399
1622	-0.706	1.328
1623	-0.638	1.145
1624	-0.885	1.843
1625	-0.499	1.347
1626	-0.926	1.120
1627	-0.175	1.093
1628	-0.412	1.231
1629	-0.372	1.198
1630	-0.690	1.764
1631	-0.538	1.121
1632	-0.620	1.383
1633	-0.733	1.154
1634	-0.059	1.120
1635	-0.715	1.303
1636	-0.606	1.611
1637	-0.900	1.204
1638	-0.306	1.221
1639	-0.642	1.127
1640	-0.679	1.773
1641	-0.576	1.177
1642	-0.321	1.134
1643	-0.821	1.117
1644	-0.684	1.190
1645	-0.353	1.205
1646	-0.565	1.432
1647	-0.181	1.253
1648	-0.545	1.295
1649	-0.662	1.201
1650	-0.852	1.142
1651	-0.578	1.433
1652	-0.313	1.097
1653	-0.567	1.131
1654	-0.461	1.207
1655	-0.750	1.372
1656	-0.380	1.483
1657	-0.723	1.299
1658	-0.315	1.213
1659	-0.522	1.317
1660	-0.540	1.173
1661	-0.864	1.169
1662	-0.634	1.435
1663	-0.644	1.153
1664	-0.727	1.597
1665	-0.733	1.397
1666	-0.818	1.188
1667	-0.703	1.158
1668	-0.650	1.412
1669	-0.539	1.231
1670	-0.357	1.193
1671	-0.222	1.257
1672	-0.411	1.354
1673	-0.363	1.499
1674	-0.572	1.893
1675	-0.404	1.127
1676	-0.344	1.141
1677	-0.439	1.232
1678	-0.586	1.415
1679	-0.625	1.206
1680	-0.557	1.208
1681	-0.451	1.273
1682	-0.770	1.520
1683	-1.017	1.152
1684	-0.826	1.126
1685	-0.809	1.147
1686	-0.476	1.445
1687	-0.447	1.111
1688	-0.732	1.129
1689	-0.621	1.317
1690	-0.699	1.348
1691	-0.628	1.078
1692	-0.644	1.317
1693	-0.563	1.664
1694	-0.670	1.346
1695	-0.494	1.139
1696	-0.636	1.180
1697	-0.487	1.427
1698	-0.260	1.222
1699	-0.376	1.324
1700	-0.600	1.418
1701	-0.372	1.226
1702	-0.010	1.182
1703	-0.367	1.117
1704	-0.546	1.138
1705	-0.600	1.171
1706	-0.309	1.236
1707	-0.626	1.141
1708	-0.904	1.091
1709	-0.564	1.109
1710	-0.291	1.461
1711	-0.801	1.508
1712	-0.557	1.258
1713	-0.621	1.232
1714	-0.559	1.138
1715	-0.068	1.434
1716	-0.308	1.104
1717	-0.477	1.165
1718	-0.127	1.086
1719	-0.598	1.520
1720	-0.807	1.293
1721	-0.638	1.080
1722	-1.025	1.576
1723	-0.447	1.186
1724	-0.490	1.124
1725	-0.339	1.181
1726	-0.474	1.287
1727	-0.613	1.349
1728	-0.426	1.345
1729	-0.448	1.122
1730	-0.783	1.291
1731	-0.647	1.214
1732	-0.442	1.127
1733	-0.524	1.161
1734	-0.757	1.614
1735	-0.662	1.196
1736	-0.616	1.365
1737	-0.790	1.393
1738	-0.648	1.234
1739	-0.596	1.374
1740	-0.117	1.241
1741	-0.322	1.214
1742	-0.565	1.138
1743	-0.433	1.146
1744	-0.512	1.053
1745	-0.917	1.239
1746	-0.776	1.278
1747	-0.606	1.831
1748	-0.465	1.363
1749	-0.326	1.741
1750	-0.538	1.110
1751	-0.225	1.167
1752	-0.328	1.117
1753	-0.623	1.116
1754	-0.462	1.188
1755	-0.471	1.307
1756	-0.561	1.343
1757	-0.519	1.177
1758	-0.652	1.276
1759	-0.431	1.197
1760	-0.468	1.211
1761	-0.777	1.190
1762	-0.664	1.420
1763	-0.705	1.146
1764	-0.590	1.093
1765	-0.299	1.395
1766	-0.406	1.259
1767	-0.594	1.718
1768	-0.489	1.334
1769	-0.336	1.252
1770	-0.555	1.304
1771	-0.366	1.187
1772	-0.905	1.154
1773	-0.680	1.371
1774	-0.474	1.301
1775	-0.800	1.175
1776	-0.331	1.317
1777	-0.710	1.152
1778	-0.402	2.017
1779	-0.567	1.057
1780	-0.465	1.203
1781	-0.754	1.568
1782	-0.599	1.142
1783	-0.325	1.054
1784	-0.423	1.203
1785	-0.267	1.144
1786	-0.448	1.156
1787	-0.672	1.452
1788	-0.746	1.179
1789	-0.470	1.187
1790	-0.821	1.358
1791	-0.779	1.383
1792	-0.944	1.209
1793	-0.297	1.321
1794	-0.383	1.167
1795	-0.490	1.627
1796	-0.565	1.141
1797	-0.368	1.249
1798	-0.726	1.130
1799	-0.500	1.457
1800	-0.464	1.233
1801	-0.252	1.300
1802	-0.709	1.210
1803	-0.682	1.337
1804	-0.852	1.091
1805	-0.408	1.269
1806	-0.697	1.568
1807	-0.658	1.179
1808	-0.606	1.353
1809	-0.672	1.239
1810	-0.658	1.617
1811	-0.287	1.150
1812	-0.725	1.501
1813	-0.480	1.192
1814	-0.483	1.290
1815	-0.821	1.187
1816	-0.832	1.199
1817	-0.437	1.132
1818	-0.559	1.136
1819	-0.367	1.155
1820	-0.268	1.972
1821	-0.623	1.807
1822	-0.589	1.210
1823	-0.565	1.221
1824	-0.833	1.471
1825	-0.761	1.188
1826	-0.812	1.135
1827	-0.290	1.226
1828	-0.587	1.292
1829	-0.652	1.172
1830	-0.545	1.342
1831	-0.427	1.170
1832	-0.759	1.090
1833	-0.822	1.134
1834	-0.801	1.139
1835	-0.924	1.073
1836	-0.363	1.128
1837	-0.465	1.211
1838	-0.706	1.301
1839	-0.722	1.168
1840	-0.938	1.387
1841	-0.535	1.078
1842	-0.819	1.280
1843	-0.336	1.687
1844	-0.439	1.151
1845	-0.553	1.553
1846	-0.715	1.139
1847	-0.354	1.155
1848	-0.400	1.257
1849	-0.525	1.443
1850	-0.755	1.215
1851	-0.458	1.596
1852	-0.525	1.296
1853	-0.808	1.333
1854	-0.423	1.235
1855	-0.615	1.200
1856	-0.433	1.373
1857	-0.463	1.208
1858	-0.720	1.129
1859	-0.778	1.401
1860	-0.781	1.575
1861	-0.519	1.666
1862	-0.802	1.320
1863	-0.492	1.141
1864	-0.506	1.174
1865	-0.790	1.353
1866	-0.373	1.168
1867	-0.417	1.176
1868	-0.479	1.161
1869	-0.789	1.405
1870	-0.884	1.249
1871	-1.007	1.350
1872	-0.592	1.143
1873	-0.777	1.205
1874	-0.764	1.322
1875	-0.517	1.166
1876	-0.512	1.660
1877	-0.570	1.181
1878	-0.501	1.196
1879	-0.791	1.160
1880	-0.344	1.188
1881	-0.289	1.447
1882	-0.276	1.117
1883	-0.729	1.180
1884	-0.728	1.311
1885	-0.714	1.169
1886	-0.605	1.346
1887	-0.791	1.255
1888	-0.817	1.113
1889	-0.343	1.330
1890	-0.753	1.329
1891	-0.385	1.256
1892	-0.062	1.693
1893	-0.307	1.521
1894	-0.723	1.349
1895	-0.833	1.157
1896	-0.306	1.676
1897	-0.235	1.168
1898	-0.550	1.185
1899	-0.421	1.185
1900	-0.293	1.297
1901	-0.215	1.375
1902	-0.851	1.131
1903	-0.434	1.298
1904	-0.423	1.144
1905	-0.437	1.302
1906	-0.289	1.227
1907	-0.698	1.363
1908	-0.924	1.169
1909	-1.032	1.132
1910	-0.235	1.660
1911	-0.730	1.463
1912	-0.146	1.163
1913	-0.751	1.426
1914	-0.861	1.150
1915	-0.719	1.207
1916	-0.528	1.145
1917	-0.238	1.494
1918	-0.426	1.138
1919	-0.479	1.093
1920	-0.386	1.252
1921	-0.859	1.090
1922	-0.198	1.348
1923	-0.613	1.140
1924	-1.117	1.128
1925	-0.712	1.523
1926	-0.483	1.170
1927	-0.376	1.118
1928	-0.634	1.321
1929	-0.056	1.178
1930	-0.766	1.347
1931	-0.333	1.522
1932	-0.512	1.264
1933	-0.674	1.412
1934	-0.155	1.130
1935	-0.386	1.164
1936	-0.803	1.597
1937	-1.166	1.215
1938	-0.506	1.549
1939	-0.709	1.147
1940	-0.474	1.232
1941	-0.519	1.097
1942	-0.829	1.202
1943	-0.481	1.274
1944	-0.711	1.352
1945	-0.427	1.190
1946	-0.534	1.082
1947	-0.437	1.116
1948	-0.837	1.164
1949	-0.636	1.154
1950	-0.547	1.291
1951	-0.517	1.320
1952	-1.042	1.364
1953	-0.434	1.404
1954	-0.661	1.630
1955	-0.512	1.295
1956	-0.570	1.246
1957	-0.939	1.409
1958	-0.716	1.218
1959	-0.293	1.241
1960	-0.786	1.549
1961	-0.530	1.347
1962	-0.297	1.343
1963	-0.637	1.212
1964	-0.269	1.154
1965	-0.590	1.116
1966	-0.694	1.043
1967	-0.989	1.111
1968	-0.184	1.829
1969	-0.634	1.996
1970	-0.313	1.128
1971	-0.097	1.125
1972	-0.605	1.292
1973	-0.750	1.305
1974	-0.631	1.106
1975	-1.098	1.152
1976	-0.544	1.162
1977	-0.446	1.293
1978	-0.188	1.157
1979	-0.344	1.161
1980	-0.337	1.361
1981	-0.715	1.269
1982	-0.218	1.194
1983	-0.364	1.326
1984	-0.100	1.125
1985	-0.778	1.743
1986	-0.497	1.344
1987	-0.555	1.141
1988	-0.624	1.142
1989	-0.409	1.079
1990	-0.646	1.412
1991	-0.480	1.186
1992	-0.456	1.255
1993	-0.740	1.386
1994	-0.856	1.140
1995	-0.300	1.233
1996	-0.609	1.157
1997	-0.425	1.175
1998	-0.672	1.222
1999	-0.953	1.190
2000	-0.657	1.325
2001	-0.532	1.212
2002	-0.232	1.178
2003	-0.898	1.183
2004	-0.871	1.191
2005	-0.468	2.127
2006	-0.704	1.172
2007	-0.740	1.101
2008	-0.283	1.155
2009	-0.850	1.214
2010	-0.230	1.552
2011	-0.655	1.482
2012	-0.577	1.214
2013	-0.503	1.116
2014	-0.692	1.256
2015	-0.585	1.366
2016	-0.343	1.291
2017	-0.430	1.234
2018	-0.572	1.314
2019	-0.459	1.173
2020	-0.382	1.334
2021	-0.614	2.053
2022	-0.270	1.158
2023	-0.502	1.287
2024	-0.650	1.243
2025	-0.728	1.247
2026	-0.419	1.188
2027	-0.357	1.245
2028	-0.659	1.140
2029	-0.512	1.173
2030	-0.647	1.168
2031	-0.862	1.250
2032	-0.382	1.130
2033	-0.431	1.201
2034	-0.690	1.328
2035	-0.759	1.556
2036	-0.557	1.293
2037	-0.565	1.481
2038	-0.565	1.163
2039	-0.840	1.177
2040	-0.592	1.192
2041	-0.902	1.377
2042	-0.629	1.305
2043	-0.447	1.317
2044	-0.652	1.335
2045	-0.464	1.283
2046	-0.697	1.218
2047	-0.601	1.294
2048	-0.440	1.128
2049	-0.571	1.415
2050	-0.594	1.196
2051	-0.152	1.256
2052	-0.876	1.666
2053	-0.334	1.451
2054	-0.885	1.147
2055	-0.538	1.331
2056	-0.477	1.256
2057	-0.467	1.360
2058	-0.798	1.212
2059	-0.631	1.114
2060	-0.534	1.111
2061	-0.361	1.184
2062	-0.738	1.240
2063	-0.686	1.291
2064	-0.450	1.123
2065	-0.338	1.151
2066	-0.838	1.054
2067	-0.356	1.299
2068	-0.734	1.272
2069	-0.654	1.137
2070	-0.417	1.304
2071	-0.760	1.210
2072	-0.639	1.332
2073	-0.848	1.226
2074	-0.546	1.205
2075	-0.488	1.058
2076	-0.168	1.494
2077	-0.978	1.474
2078	-0.832	1.765
2079	-1.039	1.481
2080	-0.351	1.087
2081	-0.976	1.486
2082	-0.466	1.121
2083	-0.826	1.159
2084	0.028	1.117
2085	-0.811	1.431
2086	-0.583	1.217
2087	-0.788	1.236
2088	-0.585	1.268
2089	-0.409	1.461
2090	-0.373	1.243
2091	-0.209	1.307
2092	-0.747	1.111
2093	-0.475	1.229
2094	-0.972	1.137
2095	-0.553	1.768
2096	-0.409	1.396
2097	-0.676	1.786
2098	-0.515	1.179
2099	-0.954	1.502
2100	-0.945	1.669
2101	-0.894	1.459
2102	-0.598	1.610
2103	-0.670	1.397
2104	-0.880	1.424
2105	-0.448	1.417
2106	-0.315	1.305
2107	-0.689	1.180
2108	-0.762	1.265
2109	-0.685	1.449
2110	-0.758	1.256
2111	-0.675	1.431
2112	-0.394	1.659
2113	-0.552	1.213
2114	-0.714	1.355
2115	-0.372	1.526
2116	-0.674	1.150
2117	-0.627	1.200
2118	-0.247	1.238
2119	-0.389	1.467
2120	-0.863	1.096
2121	-0.571	1.433
2122	-0.450	1.306
2123	-0.532	1.279
2124	-0.373	1.213
2125	-0.809	1.119
2126	-0.724	1.276
2127	-0.417	1.269
2128	-0.920	1.155
2129	-0.707	1.181
2130	-0.355	1.123
2131	-0.498	1.099
2132	-0.693	1.427
2133	-0.273	1.493
2134	-0.199	1.134
2135	-0.439	1.301
2136	-0.759	1.107
2137	-0.551	1.106
2138	-0.597	1.132
2139	-0.859	1.654
2140	-0.664	1.156
2141	-0.338	1.560
2142	-0.549	1.090
2143	-0.301	1.088
2144	-0.568	1.343
2145	-0.585	1.175
2146	-0.408	1.199
2147	-0.227	1.188
2148	-0.332	1.257
2149	-0.507	1.214
2150	-0.701	1.391
2151	-0.402	1.176
2152	-1.047	1.127
2153	-0.678	1.259
2154	-0.393	1.160
2155	-0.931	1.175
2156	-0.479	1.069
2157	-0.616	1.163
2158	-0.523	1.469
2159	-0.799	1.170
2160	-0.683	1.140
2161	-0.383	1.485
2162	-0.801	1.230
2163	-0.523	1.333
2164	-0.391	1.738
2165	-0.471	1.096
2166	-0.471	1.158
2167	-0.591	1.231
2168	-0.959	1.144
2169	-0.363	1.381
2170	-0.434	1.291
2171	-0.677	1.339
2172	-0.385	1.086
2173	-0.681	1.252
2174	-0.492	1.248
2175	-0.384	1.378
2176	-0.519	1.152
2177	-0.627	1.277
2178	-0.995	1.393
2179	-0.380	1.205
2180	-0.632	1.150
2181	-0.476	1.191
2182	-0.745	1.157
2183	-0.914	1.298
2184	-0.432	1.160
2185	-0.840	1.136
2186	-0.277	1.243
2187	-0.700	1.236
2188	-0.520	1.340
2189	-0.724	1.435
2190	-0.878	1.180
2191	-0.664	1.167
2192	-0.404	1.267
2193	-0.414	1.155
2194	-0.681	1.236
2195	-0.838	1.221
2196	-0.350	1.253
2197	-0.272	1.107
2198	-0.180	1.131
2199	-0.521	1.137
2200	-0.552	1.264
2201	-0.812	1.221
2202	-0.643	1.515
2203	-0.423	1.255
2204	-0.760	1.137
2205	-0.617	1.329
2206	0.005	1.212
2207	-0.355	1.274
2208	-0.281	1.502
2209	-0.785	1.240
2210	-0.468	1.142
2211	-0.153	1.311
2212	-0.733	1.485
2213	-0.379	1.132
2214	-0.400	1.628
2215	-0.211	1.165
2216	-0.358	1.150
2217	-0.948	1.448
2218	-0.498	1.151
2219	-0.540	1.148
2220	-0.764	1.238
2221	-0.818	1.199
2222	-0.997	1.533
2223	-0.445	1.624
2224	0.040	1.298
2225	-0.515	1.285
2226	-0.468	1.625
2227	-0.523	1.197
2228	-0.744	1.204
2229	-0.492	1.424
2230	-0.264	1.175
2231	-0.446	1.150
2232	-1.207	1.785
2233	-0.686	1.603
2234	-0.288	1.190
2235	-0.732	1.246
2236	-0.061	1.557
2237	-0.886	1.428
2238	-0.493	1.175
2239	-0.657	1.149
2240	-0.587	1.280
2241	-0.733	1.250
2242	-0.707	1.177
2243	-0.875	1.155
2244	-0.647	1.283
2245	-0.449	1.453
2246	-0.577	1.228
2247	-0.347	1.332
2248	-0.652	1.082
2249	-0.738	1.159
2250	-0.905	1.572
2251	-0.219	1.704
2252	-0.478	1.184
2253	-0.455	1.508
2254	-0.119	1.409
2255	-0.422	1.101
2256	-0.299	1.157
2257	-0.496	1.193
2258	-0.580	1.320
2259	-0.709	1.178
2260	-0.225	1.147
2261	-0.224	1.122
2262	-0.800	1.132
2263	-0.501	1.176
2264	-0.590	1.370
2265	-0.469	1.396
2266	-0.613	1.486
2267	-0.485	1.067
2268	-0.694	1.203
2269	-0.722	1.581
2270	-0.875	1.499
2271	-0.494	1.279
2272	-0.646	1.435
2273	-0.799	1.137
2274	-0.317	1.379
2275	-0.668	1.631
2276	-0.313	1.414
2277	-0.209	1.186
2278	-0.702	1.156
2279	-0.883	1.782
2280	-0.482	1.172
2281	-0.361	1.206
2282	-0.572	1.344
2283	-0.813	1.351
2284	-0.818	1.250
2285	-0.452	1.924
2286	-0.462	1.188
2287	-0.479	1.679
2288	-0.321	1.191
2289	-0.656	1.430
2290	-0.181	1.109
2291	-0.243	1.170
2292	-0.991	1.210
2293	-0.705	1.479
2294	-0.602	1.278
2295	-0.560	1.211
2296	-0.516	1.181
2297	-0.455	1.096
2298	-0.687	1.112
2299	-0.709	1.108
2300	-0.561	1.549
2301	-0.600	1.768
2302	-0.518	1.166
2303	-1.011	1.339
2304	-0.790	1.179
2305	-0.611	1.288
2306	-0.823	1.196
2307	-0.763	1.288
2308	-0.307	1.392
2309	-0.723	1.464
2310	-0.375	1.139
2311	-0.646	1.263
2312	-0.196	1.281
2313	-1.066	1.156
2314	-0.385	2.155
2315	-0.441	1.177
2316	-0.782	1.793
2317	-0.551	1.285
2318	-0.400	1.148
2319	-0.829	1.204
2320	-0.328	1.155
2321	-0.170	1.211
2322	-0.575	1.368
2323	-0.458	1.164
2324	-0.554	1.354
2325	-0.175	1.248
2326	-0.339	1.200
2327	-0.495	1.344
2328	-0.798	1.758
2329	-0.692	1.536
2330	-0.702	1.464
2331	-0.415	1.941
2332	-0.748	1.331
2333	-0.476	1.125
2334	-0.505	1.319
2335	-0.848	1.556
2336	-0.787	1.336
2337	-0.581	1.192
2338	-0.676	1.248
2339	-0.658	1.748
2340	-0.558	1.136
2341	-0.865	1.313
2342	-0.488	1.143
2343	-0.571	1.261
2344	-0.879	1.185
2345	-0.397	1.341
2346	-0.142	1.114
2347	-0.971	1.150
2348	-0.233	1.340
2349	-0.513	1.137
2350	-0.853	1.470
2351	-0.834	1.305
2352	-0.529	1.330
2353	-0.330	1.293
2354	-0.123	1.218
2355	-0.930	1.095
2356	-0.383	1.272
2357	-0.567	1.156
2358	-0.644	1.271
2359	-0.419	1.121
2360	0.050	1.084
2361	-0.863	1.133
2362	-0.537	1.296
2363	-0.689	1.321
2364	-0.573	1.390
2365	-0.439	1.192
2366	-0.190	1.209
2367	-0.392	1.087
2368	-0.544	1.676
2369	-0.415	1.156
2370	-0.407	1.345
2371	-0.292	1.092
2372	-0.506	1.322
2373	-0.792	1.191
2374	-0.328	1.163
2375	-0.498	2.038
2376	-0.077	1.159
2377	-0.568	1.291
2378	-0.551	1.478
2379	-0.625	1.135
2380	-0.479	1.240
2381	-0.643	1.201
2382	-0.722	1.542
2383	-0.512	1.087
2384	-0.436	1.416
2385	-0.421	1.195
2386	-0.702	1.148
2387	-0.707	1.138
2388	-0.645	1.181
2389	-0.395	1.361
2390	-0.571	1.090
2391	-0.447	1.174
2392	-0.664	1.299
2393	-0.404	1.112
2394	-0.692	1.277
2395	-0.443	1.125
2396	-0.334	1.147
2397	-0.324	1.088
2398	-0.949	1.333
2399	-0.626	1.354
2400	-0.718	1.179
2401	-0.675	1.304
2402	-0.449	1.182
2403	-0.703	1.204
2404	-0.669	1.162
2405	-0.439	1.314
2406	-0.617	1.573
2407	-0.461	1.570
2408	-0.292	1.153
2409	-1.067	1.291
2410	-0.606	1.242
2411	-0.468	1.283
2412	-0.184	1.363
2413	-0.551	1.187
2414	-0.496	1.263
2415	-0.304	1.115
2416	-0.573	1.475
2417	-0.533	1.159
2418	-0.635	1.395
2419	-0.647	1.184
2420	-0.168	1.234
2421	-0.437	1.344
2422	-0.489	1.266
2423	-0.550	1.193
2424	-0.480	1.122
2425	-0.486	1.210
2426	-0.651	1.277
2427	-0.602	1.536
2428	-0.925	1.165
2429	-0.468	1.366
2430	-0.542	1.297
2431	-0.727	1.787
2432	-0.305	1.193
2433	-0.385	1.384
2434	-0.810	1.376
2435	-0.330	1.178
2436	-0.644	1.423
2437	-0.387	1.203
2438	-0.904	1.262
2439	-0.276	1.215
2440	-0.255	1.185
2441	-0.567	1.404
2442	-0.460	1.153
2443	-0.850	1.354
2444	-0.174	1.124
2445	-0.368	1.176
2446	-0.876	1.068
2447	-0.669	1.192
2448	-0.645	1.411
2449	-0.869	1.156
2450	-0.395	1.196
2451	-0.456	1.184
2452	-0.267	1.156
2453	-0.431	1.216
2454	-0.325	1.246
2455	-0.689	1.286
2456	-0.158	1.328
2457	-0.701	1.444
2458	-0.378	1.199
2459	-0.700	1.257
2460	-0.573	1.317
2461	-0.604	1.118
2462	-0.454	1.374
2463	-0.522	1.231
2464	-0.617	1.173
2465	-0.732	1.223
2466	-0.913	1.913
2467	-0.364	1.223
2468	-0.736	1.167
2469	-0.791	1.424
2470	-0.610	1.232
2471	-0.713	1.209
2472	-0.901	1.195
2473	-0.634	1.271
2474	-0.771	1.368
2475	-0.509	1.355
2476	-0.368	1.125
2477	-0.564	1.186
2478	-0.734	1.257
2479	-0.131	1.331
2480	-0.933	1.322
2481	-0.746	1.171
2482	-0.639	1.261
2483	-0.407	1.158
2484	-0.471	1.166
2485	-0.652	1.595
2486	-0.590	1.287
2487	-0.355	1.421
2488	-0.243	1.190
2489	-0.804	1.577
2490	-0.719	1.177
2491	-0.946	1.457
2492	-0.508	1.125
2493	-0.669	1.227
2494	-1.104	1.217
2495	-0.608	1.267
2496	-0.432	1.272
2497	-0.435	1.646
2498	-0.566	1.130
2499	-0.641	1.110
2500	-0.802	1.104
2501	-0.648	1.435
2502	-0.898	1.120
2503	-0.725	1.120
2504	-0.525	1.150
2505	-0.381	1.374
2506	-0.954	1.185
2507	-0.356	1.257
2508	-0.753	1.412
2509	-0.573	1.254
2510	-0.622	1.460
2511	-0.675	2.021
2512	-0.250	1.241
2513	-0.588	1.214
2514	-0.506	1.226
2515	-0.960	1.528
2516	-0.686	1.273
2517	-0.898	1.159
2518	-0.623	1.181
2519	-0.755	1.145
2520	-0.779	1.313
2521	-0.613	1.169
2522	-0.323	1.207
2523	-0.737	1.153
2524	-0.744	1.151
2525	-0.782	1.146
2526	-0.286	1.201
2527	-0.572	1.246
2528	-0.969	1.095
2529	-0.187	1.173
2530	0.068	1.072
2531	-0.485	1.318
2532	-0.338	1.186
2533	-0.651	1.349
2534	-0.453	1.247
2535	-0.534	1.615
2536	-0.810	1.705
2537	-0.274	1.262
2538	-0.577	1.201
2539	-0.867	1.154
2540	-0.600	1.208
2541	-0.322	1.419
2542	-0.326	1.281
2543	-0.807	1.092
2544	-0.914	1.465
2545	-0.816	1.318
2546	-0.774	1.278
2547	0.099	1.351
2548	-0.752	1.249
2549	-0.417	1.244
2550	-0.417	1.199
2551	-0.840	1.145
2552	-0.528	1.191
2553	-0.672	1.208
2554	-0.433	1.463
2555	-0.604	1.114
2556	-0.413	1.202
2557	-0.551	1.780
2558	-0.436	1.201
2559	-0.430	1.253
2560	-0.519	1.295
2561	-0.787	1.173
2562	-0.701	1.217
2563	-0.505	1.529
2564	-0.432	1.224
2565	-0.498	1.423
2566	-0.858	1.358
2567	-0.290	1.247
2568	-0.588	1.172
2569	-0.485	1.290
2570	-0.499	1.677
2571	-0.372	1.507
2572	-0.736	1.156
2573	-0.726	1.113
2574	-0.483	1.173
2575	-0.729	1.224
2576	-0.385	1.220
2577	-0.774	1.858
2578	-0.792	1.242
2579	-0.344	1.295
2580	-0.419	1.219
2581	-0.768	1.156
2582	-0.628	1.262
2583	-0.215	1.149
2584	-0.716	1.094
2585	-0.087	1.214
2586	-0.851	1.133
2587	-0.528	1.178
2588	-0.270	1.173
2589	-0.672	1.153
2590	-0.484	1.199
2591	-0.615	1.148
2592	-0.406	1.114
2593	-0.295	1.159
2594	-0.436	1.169
2595	-0.599	1.608
2596	-0.246	1.547
2597	-0.574	1.464
2598	-0.494	1.238
2599	-0.567	1.241
2600	-0.432	1.129
2601	-0.105	1.391
2602	-0.574	1.149
2603	-0.661	1.391
2604	-0.570	1.123
2605	-0.442	1.306
2606	-0.373	1.403
2607	-0.878	1.204
2608	-0.714	1.195
2609	-0.484	1.178
2610	-0.427	1.319
2611	-0.431	1.279
2612	-0.465	1.931
2613	-0.332	1.143
2614	-0.609	2.127
2615	-0.615	1.112
2616	-0.373	1.629
2617	-0.819	1.299
2618	-0.342	1.173
2619	-0.263	1.188
2620	-0.773	1.181
2621	-1.042	1.398
2622	-0.561	1.646
2623	-0.621	1.287
2624	-0.666	1.093
2625	-0.460	1.143
2626	-0.038	1.126
2627	-0.672	1.309
2628	-0.426	1.599
2629	-0.638	1.124
2630	-0.635	1.150
2631	-0.737	1.296
2632	-0.500	1.713
2633	-0.319	1.320
2634	-0.328	1.344
2635	-0.614	1.414
2636	-0.904	1.263
2637	-0.595	1.568
2638	-0.749	1.109
2639	-0.306	1.165
2640	-0.366	1.785
2641	-0.384	1.272
2642	-0.991	1.183
2643	-0.218	1.125
2644	-0.523	1.272
2645	-0.739	1.130
2646	-0.445	1.147
2647	-0.436	1.163
2648	-0.576	1.136
2649	-0.411	1.353
2650	-0.708	1.473
2651	-1.063	1.389
2652	-0.756	1.179
2653	-0.724	1.726
2654	-0.035	1.175
2655	-0.790	1.479
2656	-0.685	1.376
2657	-0.667	1.087
2658	-1.255	1.202
2659	-0.424	1.193
2660	-0.320	1.738
2661	-0.322	1.377
2662	-0.548	1.591
2663	-0.452	1.087
2664	-0.222	1.303
2665	-0.610	1.248
2666	-0.837	1.475
2667	-0.624	1.265
2668	-0.165	1.278
2669	-0.585	1.272
2670	-0.674	1.324
2671	-0.668	1.541
2672	-0.332	1.294
2673	-0.662	1.255
2674	-0.536	1.115
2675	-0.270	1.167
2676	-0.676	1.864
2677	-0.572	1.281
2678	-0.665	1.159
2679	-0.679	1.179
2680	-0.482	1.174
2681	-0.607	1.173
2682	-0.230	1.171
2683	-0.446	1.209
2684	-1.313	1.431
2685	-0.583	1.379
2686	-0.362	1.118
2687	-0.181	1.155
2688	-0.529	1.212
2689	-0.720	1.317
2690	-0.680	1.137
2691	-0.235	1.191
2692	-0.650	1.387
2693	-0.485	1.253
2694	-0.637	1.823
2695	-0.755	1.442
2696	-0.609	1.195
2697	-0.695	1.122
2698	-0.419	1.159
2699	-0.875	1.469
2700	-0.700	1.345
2701	-0.940	1.476
2702	-0.470	1.134
2703	-0.555	1.330
2704	-0.631	2.155
2705	-0.461	1.382
2706	-0.504	1.100
2707	-0.360	1.801
2708	-0.602	1.336
2709	-0.489	1.094
2710	-1.286	1.161
2711	-0.790	1.095
2712	-0.567	1.223
2713	-0.697	1.114
2714	-0.456	1.482
2715	-0.675	1.231
2716	0.031	1.231
2717	-0.296	1.163
2718	-0.532	1.548
2719	-0.429	1.140
2720	0.109	1.121
2721	-0.426	1.098
2722	-0.625	1.273
2723	-0.460	1.376
2724	-0.252	1.161
2725	-0.590	1.162
2726	-0.952	2.300
2727	-0.435	1.249
2728	-0.440	1.528
2729	-0.549	1.333
2730	-0.857	1.245
2731	-0.741	1.206
2732	-0.574	1.227
2733	-0.564	1.276
2734	-0.313	1.273
2735	-0.846	1.241
2736	-0.610	1.715
2737	-0.890	1.534
2738	-0.387	1.109
2739	-0.539	1.425
2740	-0.386	1.137
2741	-0.593	1.491
2742	-0.420	1.326
2743	-0.602	1.419
2744	-0.550	1.499
2745	-0.408	1.155
2746	-0.841	1.153
2747	-0.271	1.257
2748	-0.564	1.290
2749	-0.711	1.132
2750	-0.403	1.277
2751	-0.699	1.595
2752	-0.777	1.188
2753	-0.503	1.101
2754	-0.576	1.137
2755	-0.761	1.155
2756	-0.576	1.409
2757	-0.703	1.484
2758	-0.551	1.267
2759	-0.724	1.155
2760	-0.521	1.237
2761	-0.892	1.316
2762	-0.520	1.512
2763	-0.298	1.349
2764	-0.589	1.161
2765	-0.633	1.765
2766	-0.820	1.217
2767	-0.678	1.084
2768	-0.260	1.227
2769	-0.934	1.229
2770	-0.242	1.229
2771	-0.566	1.287
2772	-0.483	1.150
2773	-0.620	1.700
2774	-0.516	1.298
2775	-0.828	1.640
2776	-0.397	1.191
2777	-0.374	1.731
2778	-0.737	1.574
2779	-0.704	1.314
2780	-0.731	1.246
2781	-0.462	1.160
2782	-0.815	1.281
2783	-0.684	1.225
2784	-0.506	1.110
2785	-0.635	1.183
2786	-0.579	1.208
2787	-0.592	1.253
2788	-0.737	1.412
2789	-0.785	1.232
2790	-1.026	1.281
2791	-1.122	1.114
2792	-0.410	1.564
2793	-0.659	1.396
2794	-0.663	1.133
2795	-0.425	1.255
2796	-0.547	1.223
2797	-0.317	1.344
2798	-0.488	1.312
2799	-0.421	1.105
2800	-0.511	1.333
2801	-0.380	1.446
2802	-0.517	1.227
2803	-0.945	1.663
2804	-0.703	1.114
2805	-0.745	1.177
2806	-0.249	1.187
2807	-1.161	1.160
2808	-0.936	1.680
2809	-0.714	1.094
2810	-0.565	1.136
2811	-0.504	1.116
2812	-0.531	1.279
2813	-0.470	1.221
2814	-0.345	1.186
2815	-1.079	1.171
2816	-0.750	1.267
2817	-0.344	1.521
2818	-0.402	1.174
2819	-0.534	2.016
2820	-0.532	1.383
2821	-0.328	1.139
2822	-0.331	1.151
2823	-0.957	1.169
2824	-0.579	1.285
2825	-0.671	1.148
2826	-0.485	1.143
2827	-0.672	1.656
2828	-0.584	1.282
2829	-0.702	1.550
2830	-0.583	1.224
2831	-0.506	1.805
2832	-0.660	1.230
2833	-0.724	1.318
2834	-0.514	1.159
2835	-0.345	1.085
2836	-0.203	1.120
2837	-0.418	1.128
2838	-0.729	1.120
2839	-0.569	1.173
2840	-0.852	1.751
2841	-0.814	1.334
2842	-0.724	1.090
2843	-0.452	1.130
2844	-0.352	1.135
2845	-0.328	1.105
2846	-0.574	1.158
2847	-0.346	1.115
2848	-0.719	1.293
2849	-0.545	1.238
2850	-0.643	1.395
2851	-0.590	1.114
2852	-0.813	1.209
2853	-0.659	1.136
2854	-0.375	1.139
2855	-0.586	1.120
2856	-0.346	1.797
2857	-1.108	1.158
2858	-0.701	1.753
2859	-0.605	1.148
2860	-0.700	1.171
2861	-0.528	1.168
2862	-0.552	1.582
2863	0.135	1.469
2864	-0.142	1.262
2865	-0.368	1.425
2866	-0.807	1.122
2867	-0.520	1.322
2868	-0.639	1.237
2869	-0.432	1.217
2870	-0.803	1.513
2871	-0.805	1.174
2872	-0.381	1.186
2873	-0.598	1.493
2874	-0.349	1.162
2875	-1.101	1.250
2876	-0.504	1.372
2877	-0.654	1.623
2878	-0.390	1.361
2879	-0.871	1.569
2880	-0.328	1.457
2881	-0.684	1.175
2882	-0.696	1.527
2883	-0.658	1.345
2884	-1.021	1.134
2885	-0.781	1.248
2886	-0.938	1.216
2887	-0.033	1.264
2888	-0.677	1.173
2889	-0.424	1.173
2890	-0.763	1.347
2891	-0.711	1.161
2892	-0.758	1.283
2893	-0.399	1.185
2894	-0.359	1.177
2895	-0.907	1.324
2896	-1.093	1.072
2897	-0.111	1.166
2898	-0.396	1.122
2899	-0.759	1.211
2900	-0.615	1.128
2901	-0.612	1.448
2902	-0.686	1.395
2903	-1.023	1.105
2904	-0.532	1.150
2905	-0.269	1.146
2906	-0.479	1.072
2907	-0.325	1.336
2908	-0.514	1.151
2909	-0.777	1.164
2910	-0.373	1.070
2911	-0.359	1.182
2912	-0.620	1.194
2913	-0.735	1.750
2914	-0.631	1.291
2915	-0.813	1.084
2916	-0.836	1.261
2917	-0.609	1.068
2918	-0.671	1.260
2919	-0.407	1.737
2920	-0.400	1.142
2921	-0.634	1.371
2922	-0.924	1.159
2923	-0.250	1.437
2924	-0.543	1.184
2925	-0.289	1.347
2926	-0.356	1.156
2927	-0.469	1.178
2928	-0.516	1.431
2929	-0.789	1.393
2930	-0.982	1.583
2931	-0.391	1.246
2932	-0.414	1.110
2933	-0.615	1.427
2934	-0.253	1.146
2935	-0.980	1.161
2936	-0.974	1.170
2937	-0.421	1.472
2938	-0.648	1.144
2939	-0.742	1.161
2940	-0.328	1.534
2941	-0.576	1.169
2942	-0.772	1.267
2943	-0.687	1.206
2944	-0.775	1.252
2945	-0.396	1.170
2946	-0.546	1.441
2947	-0.496	1.437
2948	-0.638	1.149
2949	-1.030	1.163
2950	-0.362	1.149
2951	-0.485	1.284
2952	-0.677	1.430
2953	-0.582	1.386
2954	-0.511	1.080
2955	-0.637	1.186
2956	-0.367	1.871
2957	-0.738	1.192
2958	-0.685	1.320
2959	-0.244	1.217
2960	-0.674	1.166
2961	-0.222	1.355
2962	0.021	1.519
2963	-0.637	1.267
2964	-0.264	1.386
2965	-0.424	1.271
2966	-0.400	1.344
2967	-0.451	1.198
2968	-0.691	1.181
2969	-0.759	1.174
2970	-0.909	1.230
2971	-0.473	1.141
2972	-1.227	1.092
2973	-0.229	1.848
2974	-0.506	1.223
2975	-0.261	1.170
2976	-0.243	1.335
2977	-0.808	1.141
2978	-0.362	1.130
2979	-0.523	1.253
2980	-0.534	1.234
2981	-0.434	1.230
2982	-0.046	1.232
2983	-0.622	1.140
2984	-0.744	1.198
2985	-0.305	1.084
2986	-0.363	1.153
2987	-0.741	1.398
2988	-0.515	1.497
2989	-0.564	1.474
2990	-0.875	1.159
2991	-0.781	1.263
2992	-0.781	1.310
2993	-0.782	1.194
2994	-0.582	1.169
2995	-0.259	1.639
2996	-0.534	1.083
2997	-0.864	1.288
2998	-0.805	1.444
2999	-0.289	1.182
3000	-0.743	1.167
3001	-0.638	1.214
3002	-0.673	1.226
3003	-0.523	1.120
3004	-0.383	1.688
3005	-0.726	1.767
3006	-0.733	1.102
3007	-0.524	1.704
3008	-0.398	1.227
3009	-0.686	1.106
3010	-0.614	1.322
3011	-0.550	1.155
3012	-0.290	1.151
3013	0.071	1.670
3014	-0.707	1.637
3015	-0.491	1.330
3016	-0.655	1.621
3017	-0.669	1.199
3018	-0.384	1.152
3019	-1.043	1.244
3020	-0.474	1.242
3021	-0.576	1.133
3022	-0.366	1.112
3023	-0.391	1.125
3024	-0.507	1.099
3025	-0.334	1.374
3026	-0.933	1.224
3027	-0.426	1.586
3028	-0.517	1.329
3029	-1.102	1.340
3030	-0.667	1.390
3031	-1.033	1.399
3032	-0.699	1.319
3033	-0.503	1.235
3034	-0.707	1.133
3035	-0.293	1.402
3036	-0.700	1.161
3037	-0.655	1.143
3038	-0.096	1.500
3039	-0.610	1.348
3040	-0.063	1.710
3041	-0.801	1.568
3042	-0.174	1.459
3043	-0.215	1.110
3044	-0.609	1.872
3045	-0.306	1.155
3046	-0.396	1.148
3047	-0.484	1.160
3048	-0.645	1.129
3049	-0.654	1.502
3050	-0.317	1.493
3051	-0.383	1.297
3052	-0.807	1.157
3053	-0.619	1.689
3054	-0.333	1.208
3055	-0.558	1.178
3056	-0.775	1.224
3057	-0.701	1.574
3058	-0.557	1.193
3059	-1.039	1.135
3060	-0.488	1.823
3061	-0.515	1.409
3062	-0.535	1.925
3063	-0.730	1.168
3064	-0.660	1.104
3065	-0.356	1.592
3066	-0.374	1.305
3067	-0.475	1.157
3068	-0.705	1.240
3069	-0.608	1.118
3070	-0.561	1.161
3071	-0.666	1.251
3072	-0.603	1.614
3073	-0.546	1.255
3074	-0.410	1.111
3075	-0.653	1.328
3076	-0.733	1.146
3077	-0.659	1.170
3078	-0.737	1.101
3079	-0.793	1.176
3080	-0.215	1.345
3081	-0.679	1.374
3082	-0.602	1.145
3083	-0.170	1.280
3084	-0.356	1.143
3085	-0.393	1.277
3086	-0.690	1.111
3087	-0.790	1.149
3088	-0.574	1.490
3089	-0.535	1.187
3090	-0.128	1.239
3091	-0.667	1.387
3092	-0.805	1.624
3093	-0.416	1.622
3094	-0.332	1.304
3095	-0.562	1.220
3096	-0.428	1.507
3097	-0.351	1.193
3098	-0.604	1.112
3099	-0.965	1.535
3100	-0.658	1.588
3101	-0.569	1.511
3102	-1.046	1.108
3103	-0.596	1.537
3104	-0.653	1.148
3105	-0.534	1.262
3106	-0.380	1.251
3107	-0.554	1.349
3108	-0.606	1.354
3109	-0.705	1.155
3110	-0.509	1.196
3111	-0.255	1.268
3112	-0.248	1.187
3113	-0.670	1.224
3114	-0.677	1.631
3115	-0.761	1.795
3116	-0.479	1.429
3117	-0.905	1.264
3118	-0.549	1.107
3119	-0.568	1.356
3120	-0.307	1.118
3121	-0.331	1.192
3122	-0.621	1.036
3123	-0.746	1.159
3124	-0.435	1.216
3125	-0.354	1.156
3126	-0.497	1.236
3127	-0.645	1.193
3128	-0.088	1.110
3129	-0.614	1.175
3130	-0.508	1.408
3131	-0.550	1.818
3132	-0.499	1.182
3133	-0.299	1.354
3134	-0.590	1.243
3135	-0.496	1.208
3136	-0.492	1.233
3137	-0.851	1.110
3138	-0.502	1.168
3139	-0.415	1.377
3140	-0.329	1.338
3141	-0.422	1.136
3142	-0.581	1.258
3143	-0.756	1.190
3144	-0.875	1.265
3145	-0.340	1.267
3146	-0.429	1.302
3147	-0.631	1.351
3148	-0.633	1.155
3149	-0.160	1.654
3150	-0.696	1.193
3151	-0.952	1.459
3152	-0.615	1.154
3153	-0.316	1.452
3154	-0.308	1.132
3155	-0.339	1.272
3156	-0.585	1.440
3157	-0.428	1.168
3158	-0.245	1.405
3159	-0.121	1.374
3160	-0.911	1.101
3161	-0.401	1.474
3162	-0.447	1.288
3163	-0.593	1.113
3164	-0.809	1.197
3165	-0.628	1.847
3166	0.054	1.195
3167	-0.294	1.069
3168	-0.601	1.311
3169	-0.891	1.252
3170	-0.685	1.930
3171	-0.649	1.173
3172	-0.818	1.156
3173	-0.446	1.243
3174	-0.704	1.114
3175	-0.957	1.348
3176	-0.556	1.307
3177	-0.663	1.240
3178	-0.427	1.234
3179	-0.410	1.215
3180	-0.529	1.245
3181	-0.268	1.162
3182	-0.472	1.327
3183	-0.375	1.181
3184	-0.651	1.280
3185	-0.279	1.266
3186	-0.625	1.417
3187	-0.347	1.349
3188	-0.408	1.336
3189	-0.753	1.168
3190	-0.632	1.180
3191	-0.702	1.115
3192	-0.507	1.386
3193	-0.472	1.530
3194	-0.752	1.181
3195	-0.820	1.145
3196	-0.634	1.089
3197	-0.182	1.338
3198	-0.615	1.289
3199	-0.924	1.529
3200	-0.940	1.234
3201	-0.818	1.222
3202	-0.354	1.216
3203	-0.642	1.515
3204	-0.636	1.521
3205	-0.929	1.170
3206	-0.643	1.336
3207	-0.577	1.229
3208	-0.653	1.277
3209	-0.398	1.172
3210	-0.540	1.254
3211	-0.427	1.366
3212	-0.715	1.659
3213	-0.482	1.240
3214	-0.487	1.107
3215	-0.635	1.158
3216	-0.368	1.197
3217	-0.674	1.130
3218	-0.507	1.191
3219	-0.657	1.146
3220	-0.725	1.132
3221	-0.634	1.359
3222	-0.395	1.414
3223	-0.430	1.620
3224	-0.778	1.821
3225	-0.234	1.558
3226	-0.403	1.195
3227	-0.256	1.200
3228	-0.168	1.153
3229	-0.529	1.338
3230	-0.235	1.220
3231	-0.811	1.187
3232	-0.774	1.111
3233	-0.518	1.142
3234	-1.085	1.379
3235	-0.717	1.135
3236	-0.620	1.059
3237	-0.568	1.121
3238	-0.595	1.269
3239	-0.381	1.125
3240	-0.499	1.390
3241	-0.329	1.469
3242	-0.505	1.415
3243	-0.322	1.203
3244	-0.772	1.107
3245	-0.620	1.338
3246	-0.614	1.106
3247	-0.557	1.418
3248	-0.740	1.107
3249	-0.536	1.315
3250	-0.591	1.138
3251	-0.312	1.911
3252	-0.455	1.414
3253	-0.705	1.329
3254	-0.459	1.306
3255	-0.399	1.143
3256	-0.458	1.226
3257	-0.503	1.569
3258	-0.412	1.147
3259	-0.669	1.580
3260	-0.418	1.250
3261	-0.706	1.133
3262	-0.506	1.186
3263	-0.521	1.184
3264	-0.684	1.228
3265	-0.531	1.193
3266	-0.726	1.181
3267	-0.691	1.240
3268	-0.469	1.146
3269	-0.583	1.388
3270	-0.610	1.268
3271	-0.497	1.178
3272	-0.699	1.363
3273	-0.618	1.597
3274	-0.729	1.198
3275	-0.695	2.303
3276	-0.229	1.350
3277	-0.649	1.097
3278	-0.718	1.639
3279	-0.574	1.557
3280	-0.396	1.110
3281	-0.481	1.170
3282	-1.004	1.319
3283	-0.623	1.208
3284	-0.781	1.172
3285	-0.497	1.178
3286	-0.591	1.205
3287	-0.694	1.616
3288	-0.870	1.200
3289	-0.270	1.159
3290	-0.944	1.188
3291	-0.173	1.503
3292	-0.778	1.104
3293	-0.558	1.176
3294	-0.200	1.254
3295	-0.528	1.238
3296	-0.767	1.465
3297	-0.628	1.282
3298	-0.720	1.422
3299	-0.267	1.496
3300	-0.118	1.210
3301	-0.584	1.151
3302	-0.606	1.099
3303	-0.481	1.172
3304	-0.752	1.237
3305	-0.752	1.274
3306	-0.727	1.261
3307	-0.416	1.336
3308	-0.733	1.289
3309	-0.509	1.237
3310	-0.769	1.129
3311	-0.655	1.503
3312	-0.657	1.324
3313	0.012	1.173
3314	-0.540	1.421
3315	-0.715	1.132
3316	-0.397	1.168
3317	-0.288	1.392
3318	-0.259	1.317
3319	-0.481	1.291
3320	-0.250	1.392
3321	-0.719	1.182
3322	-0.733	1.255
3323	-0.916	1.278
3324	-0.653	1.265
3325	-0.609	1.283
3326	-0.722	1.185
3327	-0.615	1.257
3328	-0.561	1.508
3329	-0.461	1.197
3330	-0.568	1.126
3331	-0.477	1.646
3332	-0.908	1.449
3333	-0.723	1.277
3334	-0.559	1.167
3335	-0.469	1.133
3336	-0.358	1.250
3337	-0.711	1.198
3338	-1.036	1.301
3339	-0.867	1.194
3340	-0.357	1.342
3341	-0.591	1.395
3342	-0.692	1.145
3343	-0.711	1.286
3344	-0.852	1.409
3345	-0.202	1.205
3346	-0.553	1.415
3347	-0.655	1.256
3348	-0.716	1.182
3349	-0.526	1.178
3350	-0.626	1.156
3351	-0.245	1.281
3352	-0.180	1.162
3353	-0.398	1.397
3354	-0.257	1.523
3355	-0.928	1.161
3356	-0.211	1.278
3357	-0.501	1.332
3358	-0.492	1.722
3359	-0.252	1.165
3360	-0.475	1.937
3361	-0.758	1.775
3362	-0.562	1.203
3363	-0.881	1.330
3364	-0.559	1.239
3365	-0.424	1.346
3366	-0.396	1.425
3367	-0.631	1.326
3368	-0.395	1.176
3369	-0.647	1.286
3370	-0.683	1.165
3371	-0.273	1.321
3372	-0.378	1.166
3373	-0.485	1.143
3374	-0.567	1.285
3375	-1.033	1.381
3376	-0.493	1.086
3377	-0.595	1.391
3378	-0.825	1.516
3379	-0.894	1.227
3380	-0.690	1.326
3381	-0.591	1.356
3382	-0.691	1.350
3383	-0.725	1.209
3384	-0.164	1.252
3385	-0.794	1.235
3386	-0.368	1.407
3387	-0.407	1.324
3388	-0.587	1.127
3389	-0.738	1.149
3390	-0.568	1.124
3391	-0.471	1.444
3392	-0.772	1.356
3393	-0.733	1.441
3394	-0.651	1.108
3395	-0.447	1.681
3396	-0.480	1.158
3397	-0.334	1.092
3398	-0.371	1.278
3399	-0.720	2.000
3400	-0.619	1.118
3401	-0.641	1.290
3402	-0.440	1.114
3403	-0.754	1.259
3404	-0.344	1.238
3405	-0.848	1.347
3406	-0.073	1.498
3407	-0.342	1.177
3408	-0.191	1.255
3409	-0.026	1.274
3410	-0.335	1.465
3411	-0.493	1.163
3412	-0.364	1.274
3413	-0.930	1.138
3414	-0.296	1.365
3415	-0.732	1.162
3416	-0.639	1.532
3417	-0.821	1.229
3418	-1.094	1.150
3419	-0.640	1.252
3420	-0.645	1.257
3421	-0.466	1.339
3422	-0.298	1.713
3423	-1.013	1.323
3424	-0.432	1.297
3425	-0.355	1.206
3426	-0.454	1.221
3427	-0.744	1.093
3428	-0.188	1.331
3429	-0.457	1.139
3430	-0.649	1.329
3431	-0.466	1.145
3432	-0.313	1.078
3433	-0.531	1.186
3434	-0.134	1.216
3435	-1.019	1.124
3436	-0.946	1.092
3437	-0.531	1.267
3438	-0.283	1.093
3439	-0.683	1.643
3440	-0.117	1.175
3441	-0.621	1.409
3442	-0.571	1.194
3443	-0.212	1.323
3444	-0.496	1.249
3445	-0.817	1.129
3446	-0.767	1.577
3447	-0.422	1.177
3448	-0.671	1.194
3449	-0.671	1.129
3450	-0.712	1.257
3451	-0.292	1.082
3452	-0.455	1.346
3453	-0.857	1.112
3454	-0.705	1.130
3455	-0.793	1.329
3456	-0.136	1.086
3457	-0.528	1.502
3458	-0.940	1.164
3459	-0.560	1.167
3460	-0.678	1.253
3461	-0.481	1.342
3462	-0.322	1.178
3463	-0.708	1.181
3464	-0.653	1.121
3465	-0.794	1.099
3466	-0.546	1.833
3467	-0.518	1.103
3468	-0.354	1.309
3469	-0.476	1.077
3470	-0.454	1.363
3471	-0.537	1.214
3472	-0.533	1.303
3473	-0.739	1.507
3474	-0.508	1.354
3475	-0.582	1.304
3476	-0.764	1.077
3477	-0.630	1.744
3478	-0.490	1.731
3479	-0.776	1.316
3480	-0.296	1.187
3481	-0.707	1.268
3482	-0.502	1.194
3483	-0.663	1.121
3484	-0.925	1.090
3485	0.053	1.228
3486	-0.639	1.156
3487	-0.823	1.165
3488	-0.589	1.108
3489	-0.324	1.297
3490	-0.602	1.150
3491	-0.384	1.171
3492	-0.673	1.085
3493	-0.602	1.184
3494	-0.523	1.075
3495	-0.731	1.313
3496	-0.398	1.087
3497	-0.613	1.178
3498	-0.429	1.182
3499	-0.349	1.470
3500	-0.648	1.366
3501	-0.473	1.708
3502	-0.412	1.367
3503	-0.630	1.310
3504	-0.546	1.114
3505	-0.655	1.124
3506	-0.677	1.344
3507	-0.576	1.136
3508	-0.635	1.232
3509	-0.316	1.068
3510	-0.738	1.138
3511	-0.646	1.216
3512	-0.419	1.151
3513	-0.659	1.142
3514	-0.704	1.893
3515	-0.617	1.185
3516	-0.611	1.324
3517	-0.316	1.680
3518	-0.663	1.274
3519	-0.434	1.182
3520	-0.459	1.396
3521	-0.100	1.724
3522	-0.544	1.298
3523	-0.333	1.155
3524	-0.840	1.108
3525	-0.570	1.178
3526	-0.798	1.160
3527	-0.683	1.187
3528	-0.817	1.220
3529	-0.616	1.235
3530	-0.333	1.115
3531	-0.702	1.160
3532	-0.470	1.394
3533	-0.534	1.374
3534	-0.693	1.194
3535	-0.803	1.443
3536	-0.912	1.450
3537	-0.692	1.132
3538	-0.606	1.581
3539	-0.531	1.399
3540	-0.409	1.292
3541	-0.261	1.166
3542	-0.483	1.483
3543	-0.597	1.315
3544	-0.617	1.426
3545	-0.784	1.103
3546	-0.703	1.199
3547	-0.304	1.374
3548	-0.306	1.527
3549	-0.531	1.317
3550	-0.339	1.279
3551	-0.642	1.412
3552	-0.660	1.232
3553	-0.888	1.297
3554	-0.309	1.118
3555	-0.388	1.184
3556	-0.623	1.406
3557	-0.213	1.109
3558	-0.957	1.191
3559	-0.352	1.147
3560	-0.181	1.172
3561	0.060	1.145
3562	-0.476	1.188
3563	-0.710	1.241
3564	-0.551	2.143
3565	-0.957	1.350
3566	-0.493	1.257
3567	-0.832	1.212
3568	-0.444	1.185
3569	-0.709	1.413
3570	-0.580	1.329
3571	-0.610	1.398
3572	-0.557	1.128
3573	-0.717	2.040
3574	-0.299	1.191
3575	-0.866	1.537
3576	-0.564	1.323
3577	-0.176	1.316
3578	-0.690	1.169
3579	-0.421	1.149
3580	-0.406	1.136
3581	-0.470	1.681
3582	-0.231	1.152
3583	-0.474	1.280
3584	-0.616	1.175
3585	-0.278	1.511
3586	-0.303	1.103
3587	-0.207	1.227
3588	-0.159	1.181
3589	-0.529	1.413
3590	-0.474	1.147
3591	-0.485	1.382
3592	-0.721	1.273
3593	-0.426	1.651
3594	-0.537	1.144
3595	-0.673	1.153
3596	-0.350	1.234
3597	-0.464	1.571
3598	-0.223	1.491
3599	-0.522	1.196
3600	-0.822	1.437
3601	-0.886	1.339
3602	-0.358	1.146
3603	-0.767	1.177
3604	-0.542	1.145
3605	-0.494	1.253
3606	-0.771	1.583
3607	-0.702	1.269
3608	-0.482	1.231
3609	-0.924	1.296
3610	-0.702	1.125
3611	-0.279	1.500
3612	-0.797	1.152
3613	-0.461	1.292
3614	-0.588	1.169
3615	-0.409	1.245
3616	-0.602	1.280
3617	-0.467	1.242
3618	-0.324	1.612
3619	-0.229	1.236
3620	-0.420	1.296
3621	-0.973	1.259
3622	-0.275	1.402
3623	-0.646	1.113
3624	-0.059	1.182
3625	-0.690	1.321
3626	-0.689	1.105
3627	-0.235	1.098
3628	-0.446	1.208
3629	-0.732	1.212
3630	-0.408	1.370
3631	-0.832	1.161
3632	-0.799	1.580
3633	-0.123	1.438
3634	-1.049	1.310
3635	-0.659	1.377
3636	-0.581	1.495
3637	-0.653	1.397
3638	-0.624	1.449
3639	-0.746	1.354
3640	-0.974	1.643
3641	-0.694	1.247
3642	-0.421	1.186
3643	-0.403	1.863
3644	-0.856	1.206
3645	-0.423	1.061
3646	-0.542	1.290
3647	-0.546	1.499
3648	-0.675	1.417
3649	-0.641	1.236
3650	-0.579	1.158
3651	-0.742	1.214
3652	-0.598	1.696
3653	-0.652	1.623
3654	-0.654	1.563
3655	-0.739	1.302
3656	-0.335	1.138
3657	-0.483	1.051
3658	-0.612	1.360
3659	-0.701	1.303
3660	-0.332	1.238
3661	-0.834	1.417
3662	-0.584	1.450
3663	-0.651	1.119
3664	-0.644	1.618
3665	-0.507	1.094
3666	-0.538	1.246
3667	-0.884	1.198
3668	-0.331	1.150
3669	-0.645	1.631
3670	-0.437	1.284
3671	-0.806	1.146
3672	-0.709	1.473
3673	-0.588	1.170
3674	-0.729	1.186
3675	-0.737	1.144
3676	-0.626	1.338
3677	-0.488	1.226
3678	-0.339	1.107
3679	-0.630	1.675
3680	0.066	1.199
3681	-0.406	1.155
3682	-0.587	1.125
3683	-0.573	1.259
3684	-0.471	1.096
3685	-0.179	1.420
3686	-0.918	1.323
3687	-0.796	1.255
3688	-0.758	1.120
3689	-0.648	1.371
3690	-0.402	1.340
3691	-0.803	1.154
3692	-0.577	1.229
3693	-0.716	1.144
3694	-0.727	1.432
3695	-0.669	1.732
3696	-0.198	1.098
3697	-0.324	1.258
3698	-0.396	1.152
3699	-0.782	1.254
3700	-0.364	1.248
3701	-0.685	1.205
3702	-0.496	1.503
3703	-0.812	1.439
3704	-0.596	1.705
3705	-0.741	1.333
3706	-0.125	1.416
3707	-0.122	1.190
3708	-0.556	1.466
3709	-0.524	1.244
3710	-0.519	1.110
3711	-0.799	1.276
3712	-0.705	1.196
3713	-0.174	1.125
3714	-0.578	1.266
3715	-0.356	1.213
3716	-0.587	1.179
3717	-0.664	1.388
3718	-0.501	1.114
3719	-0.940	1.193
3720	-0.493	1.461
3721	-0.184	1.157
3722	-0.630	1.132
3723	-0.266	1.108
3724	-0.261	1.153
3725	-0.357	1.408
3726	-0.402	1.236
3727	-0.443	1.182
3728	-0.620	1.384
3729	-0.621	1.499
3730	-0.844	1.221
3731	-1.103	1.149
3732	-0.532	1.485
3733	-1.046	1.316
3734	-0.203	1.380
3735	-0.802	1.084
3736	-0.535	1.529
3737	-0.810	1.454
3738	-0.795	1.172
3739	-0.537	1.146
3740	-0.228	1.353
3741	-0.685	1.295
3742	-0.417	1.200
3743	-0.484	1.145
3744	-0.335	1.257
3745	-0.700	1.089
3746	-0.514	1.405
3747	-0.207	1.389
3748	-0.333	1.122
3749	-0.678	1.444
3750	-0.210	1.168
3751	-0.267	1.211
3752	-0.665	1.113
3753	-0.905	1.191
3754	-0.538	1.150
3755	-0.897	1.364
3756	-0.126	1.153
3757	-0.453	1.132
3758	-0.577	1.239
3759	-0.630	1.181
3760	-0.798	1.138
3761	-0.247	1.320
3762	-0.819	1.448
3763	-0.503	1.282
3764	-0.820	1.323
3765	-0.535	1.143
3766	-0.703	1.283
3767	-0.316	2.541
3768	-0.963	1.184
3769	-0.532	1.364
3770	-0.476	1.161
3771	-0.362	1.181
3772	-0.660	1.261
3773	-0.432	1.170
3774	-0.491	1.167
3775	-0.381	1.224
3776	-0.497	1.246
3777	-0.337	1.384
3778	-0.515	1.146
3779	-0.635	1.196
3780	-0.384	1.089
3781	-0.793	1.100
3782	-0.812	1.217
3783	-0.887	1.240
3784	-0.191	1.303
3785	-0.664	1.262
3786	-0.736	1.162
3787	-0.437	1.996
3788	-0.519	1.182
3789	-0.536	1.245
3790	-0.537	1.136
3791	-0.650	1.234
3792	-0.722	1.250
3793	-0.570	1.607
3794	-0.782	1.154
3795	-0.259	1.310
3796	-0.786	1.120
3797	-0.368	1.258
3798	-0.937	1.627
3799	-0.458	1.145
3800	-0.641	1.119
3801	-0.504	1.145
3802	-0.677	1.149
3803	-0.888	1.382
3804	-0.603	1.225
3805	-0.364	1.104
3806	-0.561	1.238
3807	-0.721	1.216
3808	-0.841	1.397
3809	-0.450	1.191
3810	-0.556	1.332
3811	-0.594	1.101
3812	-0.434	1.180
3813	-0.831	1.254
3814	-0.598	1.176
3815	-0.606	1.151
3816	-0.562	1.547
3817	-0.373	1.207
3818	-0.331	1.306
3819	-0.864	1.170
3820	-0.650	1.558
3821	-0.436	1.110
3822	-0.259	1.151
3823	-0.383	1.147
3824	-0.358	1.730
3825	-0.630	1.233
3826	-0.317	1.261
3827	-0.379	1.332
3828	-0.577	1.305
3829	-0.646	1.167
3830	-0.300	1.180
3831	-0.182	1.350
3832	-0.109	1.157
3833	-0.666	1.200
3834	-0.743	1.134
3835	-0.566	1.113
3836	-0.271	1.153
3837	-0.679	1.329
3838	-0.496	1.485
3839	-0.158	1.192
3840	-0.908	1.333
3841	-0.532	1.185
3842	-0.394	1.077
3843	-0.560	1.130
3844	-0.376	1.383
3845	-0.563	1.211
3846	-0.444	1.291
3847	-0.435	1.268
3848	-0.504	1.477
3849	-0.625	1.599
3850	-0.509	1.091
3851	-0.611	1.500
3852	-0.258	1.096
3853	-0.585	2.679
3854	-0.493	1.173
3855	-0.613	1.322
3856	-0.659	1.097
3857	-0.512	1.466
3858	-0.737	1.192
3859	-0.380	1.668
3860	-0.714	1.167
3861	-0.491	1.203
3862	-0.549	1.121
3863	-0.809	1.216
3864	-0.633	1.197
3865	-0.774	1.285
3866	-0.462	1.295
3867	-0.596	2.241
3868	-0.919	1.173
3869	-0.256	1.121
3870	-0.211	1.239
3871	-0.510	1.169
3872	-0.444	1.243
3873	-0.858	1.456
3874	-0.645	1.264
3875	-0.830	1.091
3876	-0.332	1.271
3877	-0.566	1.154
3878	-0.723	1.315
3879	-0.810	1.280
3880	-0.490	1.422
3881	-0.968	1.316
3882	-0.375	1.223
3883	-0.359	1.820
3884	-0.548	1.106
3885	-0.464	1.579
3886	-0.363	1.152
3887	-0.240	1.161
3888	-0.379	1.123
3889	-0.500	1.348
3890	-0.653	1.199
3891	-0.663	1.208
3892	-0.557	1.970
3893	-0.498	1.468
3894	-0.732	1.339
3895	-0.771	1.159
3896	-0.412	1.340
3897	-0.465	1.237
3898	-0.616	1.328
3899	-0.575	1.147
3900	-0.226	1.303
3901	-0.834	1.088
3902	-0.504	1.170
3903	-0.852	1.164
3904	-0.689	1.368
3905	-0.580	1.304
3906	-0.775	1.104
3907	-0.513	1.127
3908	-0.308	1.384
3909	-0.776	1.164
3910	-0.790	1.468
3911	-0.458	1.106
3912	-0.262	1.232
3913	-0.441	1.176
3914	-0.327	1.213
3915	-0.331	1.174
3916	-0.628	1.186
3917	-0.704	1.708
3918	-0.665	1.606
3919	-0.931	1.191
3920	-0.328	1.510
3921	-0.738	1.151
3922	-0.506	1.119
3923	-0.203	1.312
3924	-0.597	1.120
3925	-0.370	1.320
3926	-0.703	1.257
3927	-0.701	1.161
3928	-0.689	1.200
3929	-0.708	1.147
3930	-0.364	1.128
3931	-0.280	1.146
3932	-0.478	1.767
3933	-0.863	1.493
3934	-0.793	1.239
3935	-0.772	1.339
3936	-0.695	1.202
3937	-0.515	1.305
3938	-0.879	1.133
3939	-0.409	1.140
3940	-0.616	1.060
3941	-0.789	1.139
3942	-0.688	1.314
3943	-0.461	1.381
3944	-0.560	1.241
3945	-0.634	1.208
3946	-0.676	1.532
3947	-0.490	1.203
3948	-0.811	2.065
3949	-0.897	1.741
3950	-0.543	1.334
3951	-0.519	1.151
3952	-0.491	1.095
3953	-0.622	1.654
3954	-0.555	1.782
3955	-0.935	1.313
3956	-0.971	1.283
3957	-0.353	1.245
3958	-0.785	1.100
3959	-0.794	1.151
3960	-0.826	1.409
3961	-0.988	1.177
3962	-0.430	1.200
3963	-0.624	1.289
3964	-0.501	1.357
3965	-0.654	1.192
3966	-0.384	1.185
3967	-0.960	1.224
3968	-0.339	1.551
3969	-0.257	1.154
3970	-0.595	1.626
3971	-0.490	1.256
3972	-0.620	1.175
3973	-0.072	1.165
3974	-0.320	1.180
3975	-0.752	1.266
3976	-0.456	1.374
3977	-0.419	1.175
3978	-0.876	1.206
3979	-1.013	1.253
3980	-0.848	1.150
3981	-0.472	1.271
3982	-0.620	1.359
3983	-0.589	1.234
3984	-0.749	1.667
3985	-0.511	1.124
3986	-0.436	1.362
3987	-0.725	1.173
3988	-0.818	1.272
3989	-0.529	1.183
3990	-0.685	1.124
3991	-0.755	1.107
3992	-0.565	1.229
3993	-0.893	1.339
3994	-0.388	1.390
3995	-0.319	1.286
3996	-0.567	1.422
3997	-0.643	2.118
3998	-0.446	1.103
3999	-0.322	1.209
4000	-0.866	1.222
4001	-0.925	1.513
4002	-0.305	1.262
4003	-0.956	1.274
4004	-0.391	1.209
4005	-0.814	1.114
4006	-0.677	1.390
4007	-0.406	1.480
4008	-0.596	1.436
4009	-0.816	1.292
4010	-0.452	1.806
4011	-0.283	1.148
4012	-0.641	2.101
4013	-0.834	1.154
4014	-0.537	1.184
4015	-0.582	1.216
4016	-0.529	1.252
4017	-0.547	1.136
4018	-0.288	1.600
4019	-0.221	1.511
4020	-0.835	1.102
4021	-0.559	1.234
4022	-0.546	1.173
4023	-0.194	1.099
4024	-0.591	1.154
4025	-0.554	1.537
4026	-0.800	1.298
4027	-0.645	1.145
4028	-0.897	1.308
4029	-0.146	1.070
4030	-0.562	1.217
4031	-0.331	1.203
4032	-0.288	1.260
4033	-0.553	1.436
4034	-0.880	1.100
4035	-0.263	1.813
4036	-1.000	1.203
4037	-0.553	1.174
4038	-0.740	2.053
4039	-0.565	1.473
4040	-0.243	1.433
4041	-0.593	1.260
4042	-0.479	1.171
4043	-0.559	1.214
4044	-0.492	1.265
4045	-0.374	1.236
4046	-0.395	1.173
4047	-0.370	1.109
4048	-0.786	1.312
4049	-0.865	1.101
4050	-0.584	1.239
4051	-0.409	1.315
4052	-0.274	1.227
4053	-0.615	1.258
4054	-0.743	1.164
4055	-0.476	1.155
4056	-0.604	1.171
4057	-0.814	1.161
4058	-0.411	1.566
4059	-0.463	1.237
4060	-0.363	1.336
4061	-0.480	1.127
4062	-0.452	1.575
4063	-0.693	1.383
4064	-0.523	1.231
4065	-0.526	1.244
4066	-0.390	1.316
4067	-0.599	1.097
4068	-0.534	1.272
4069	-0.671	1.137
4070	-0.256	1.172
4071	-0.279	1.157
4072	-0.369	1.259
4073	-0.686	1.386
4074	-0.355	1.553
4075	-0.871	1.222
4076	-0.420	2.016
4077	-0.602	1.106
4078	-0.635	1.159
4079	-0.664	1.627
4080	-0.571	1.546
4081	-0.537	1.511
4082	-0.985	1.113
4083	-0.680	1.138
4084	-0.710	1.351
4085	-0.783	1.276
4086	-0.627	1.161
4087	-0.541	1.160
4088	-0.637	1.223
4089	-0.615	1.308
4090	-0.497	1.266
4091	-0.807	1.094
4092	-0.522	1.151
4093	-0.258	1.557
4094	-0.631	1.082
4095	-0.958	1.267
4096	-0.448	1.197
4097	-0.559	1.300
4098	-0.302	1.402
4099	-0.735	1.151
4100	-0.920	1.072
4101	-0.810	1.185
4102	-0.269	1.318
4103	-0.416	1.110
4104	-0.490	1.191
4105	-0.644	1.132
4106	-0.533	1.441
4107	-0.749	1.657
4108	-1.029	1.356
4109	-0.205	1.141
4110	-0.419	1.163
4111	-0.373	1.207
4112	-0.469	1.279
4113	-0.793	1.215
4114	-0.276	1.587
4115	-0.276	1.975
4116	-0.712	1.088
4117	-0.421	1.244
4118	-0.517	1.156
4119	-0.525	1.257
4120	-0.358	1.794
4121	-0.571	1.200
4122	-0.305	1.342
4123	-0.538	1.269
4124	-0.618	1.276
4125	-0.535	1.113
4126	-0.700	1.191
4127	-0.475	1.277
4128	-0.725	1.423
4129	-0.702	1.333
4130	-0.753	1.128
4131	-0.323	1.326
4132	-0.546	1.152
4133	-0.641	1.168
4134	-0.861	1.516
4135	-0.614	1.469
4136	-0.653	1.405
4137	-0.370	1.118
4138	-0.500	1.242
4139	-0.417	1.398
4140	-0.813	1.259
4141	-0.720	1.401
4142	-0.485	1.548
4143	-0.655	1.676
4144	-0.823	1.279
4145	-1.063	1.622
4146	-0.747	1.695
4147	-0.671	1.243
4148	-0.463	1.191
4149	-0.630	1.102
4150	-0.429	1.231
4151	-0.691	1.707
4152	-0.461	1.383
4153	-0.589	1.303
4154	-0.444	1.277
4155	-0.885	1.163
4156	-0.243	1.147
4157	-0.448	1.138
4158	-0.531	1.263
4159	-0.831	1.176
4160	-0.513	1.197
4161	-1.021	1.109
4162	-0.526	1.220
4163	-0.568	1.286
4164	-0.301	1.114
4165	-0.798	1.834
4166	-0.142	1.122
4167	-0.790	1.125
4168	-0.702	1.482
4169	-0.248	1.213
4170	-0.766	1.417
4171	-0.554	1.292
4172	-0.648	1.462
4173	-0.728	1.431
4174	-0.545	1.240
4175	-0.218	1.887
4176	-1.116	1.305
4177	-0.518	1.192
4178	-0.775	1.160
4179	-0.700	1.711
4180	-0.822	1.193
4181	-0.828	1.262
4182	-0.356	1.272
4183	-0.489	1.170
4184	-0.593	1.252
4185	-0.364	1.254
4186	-0.711	1.177
4187	-0.524	1.603
4188	-0.793	1.151
4189	-0.711	1.254
4190	-0.933	1.168
4191	-0.421	1.122
4192	-0.538	1.332
4193	-0.902	1.315
4194	-0.944	1.314
4195	-0.521	1.125
4196	-0.358	1.572
4197	-0.434	1.090
4198	-0.340	1.160
4199	-0.548	1.213
4200	-0.560	1.150
4201	-0.639	1.676
4202	-0.390	1.609
4203	-0.583	1.534
4204	-0.699	1.275
4205	-0.073	1.187
4206	-0.783	1.120
4207	-0.459	1.249
4208	-0.560	1.395
4209	-0.445	1.585
4210	-0.327	1.179
4211	-0.788	1.979
4212	-0.554	1.466
4213	-0.791	1.229
4214	0.022	1.386
4215	-0.508	1.083
4216	-0.272	1.205
4217	-0.354	1.084
4218	-0.707	1.572
4219	-0.550	1.115
4220	-0.698	1.265
4221	-0.672	1.173
4222	-0.625	1.192
4223	-0.778	1.384
4224	-0.632	1.089
4225	-0.658	1.155
4226	-0.462	1.624
4227	-0.556	1.485
4228	-0.358	1.138
4229	-0.620	1.182
4230	-0.578	1.147
4231	-0.584	1.198
4232	-0.666	1.627
4233	-0.690	1.397
4234	-0.895	1.325
4235	-0.536	1.258
4236	-0.370	1.190
4237	-1.277	1.151
4238	-0.448	1.457
4239	-0.496	1.114
4240	-0.427	1.252
4241	-0.365	1.148
4242	-0.237	1.393
4243	-0.771	1.616
4244	-0.662	1.321
4245	-0.481	1.129
4246	-0.909	1.199
4247	-0.554	1.143
4248	-0.436	1.114
4249	-0.455	1.216
4250	-0.608	1.120
4251	-0.506	1.739
4252	-0.585	1.188
4253	-0.192	1.679
4254	-0.856	1.101
4255	-0.688	1.515
4256	-0.820	2.049
4257	-0.596	1.297
4258	-0.317	1.164
4259	-0.327	1.076
4260	-1.000	1.387
4261	-0.466	1.405
4262	-0.344	1.090
4263	-0.582	1.304
4264	-0.210	1.147
4265	-0.573	1.231
4266	-0.459	1.210
4267	-0.602	1.144
4268	-0.436	1.150
4269	-0.449	1.275
4270	-0.184	1.064
4271	-0.599	1.454
4272	-0.839	1.160
4273	-0.742	1.096
4274	-0.408	1.374
4275	-0.493	1.140
4276	-0.981	1.287
4277	-0.452	1.166
4278	-0.686	1.675
4279	-0.414	1.300
4280	-0.332	1.181
4281	-0.631	1.047
4282	-1.065	1.148
4283	-0.168	1.609
4284	-0.392	1.613
4285	-0.679	1.161
4286	-0.838	1.153
4287	-0.400	1.201
4288	-0.423	1.174
4289	-0.550	1.415
4290	-0.700	1.222
4291	-1.001	1.629
4292	-0.942	1.163
4293	-0.307	1.120
4294	-0.624	1.155
4295	-0.592	1.148
4296	-0.373	1.104
4297	-0.624	1.087
4298	-0.528	1.573
4299	-0.612	1.395
4300	-0.746	1.199
4301	-0.567	1.617
4302	-0.536	1.070
4303	-0.366	1.203
4304	-0.527	1.510
4305	-0.679	1.181
4306	-0.896	1.246
4307	-0.676	1.150
4308	-0.232	1.212
4309	-0.200	1.321
4310	-0.778	1.467
4311	-0.426	1.120
4312	-0.447	1.350
4313	-0.500	1.191
4314	-0.167	1.419
4315	-0.547	1.609
4316	-0.646	1.148
4317	-0.426	1.149
4318	-0.385	1.335
4319	-0.372	1.154
4320	-0.500	1.595
4321	-0.531	1.306
4322	-0.495	1.285
4323	-0.687	1.257
4324	-0.666	1.199
4325	-0.454	1.140
4326	-0.315	1.820
4327	-0.430	1.339
4328	-0.772	1.466
4329	-0.345	1.128
4330	-0.536	1.297
4331	-0.421	1.115
4332	-0.721	1.092
4333	-0.591	1.394
4334	-0.542	1.186
4335	-0.889	1.264
4336	-0.734	1.474
4337	-0.878	1.153
4338	-0.267	1.497
4339	-0.752	1.487
4340	-0.721	1.522
4341	-0.637	1.130
4342	-0.546	1.108
4343	-0.495	1.317
4344	-0.424	1.365
4345	-0.666	1.261
4346	-0.571	1.263
4347	-0.428	1.108
4348	-0.465	1.384
4349	-0.259	1.076
4350	-0.696	1.195
4351	-0.360	1.487
4352	-0.469	1.203
4353	-0.479	1.231
4354	-0.651	1.291
4355	-0.464	1.217
4356	-0.641	1.563
4357	-0.474	1.492
4358	-0.793	1.417
4359	-0.573	1.239
4360	-0.501	1.335
4361	-0.826	1.141
4362	-0.779	1.294
4363	-0.720	1.189
4364	-0.477	1.264
4365	-0.407	1.198
4366	-0.441	1.316
4367	-0.666	1.210
4368	-0.623	1.072
4369	-0.561	1.304
4370	-0.451	1.244
4371	-0.781	1.226
4372	-0.650	1.226
4373	-0.388	1.341
4374	-0.612	1.238
4375	-0.568	1.214
4376	-0.866	1.144
4377	-0.486	1.231
4378	-0.326	1.164
4379	-0.470	1.159
4380	-0.407	1.435
4381	-0.731	1.287
4382	-0.296	1.123
4383	-0.550	1.112
4384	-0.651	1.122
4385	-0.668	1.117
4386	-0.788	1.972
4387	-0.580	1.574
4388	-0.561	1.315
4389	-0.204	1.140
4390	-0.743	1.505
4391	-0.645	1.126
4392	-0.577	1.323
4393	-0.544	1.241
4394	-0.712	1.122
4395	-0.826	1.202
4396	-0.507	1.549
4397	-0.417	1.707
4398	-0.427	1.286
4399	-0.790	1.178
4400	-0.517	1.114
4401	-0.617	1.271
4402	-0.506	1.255
4403	-0.886	1.136
4404	-0.594	1.218
4405	-0.702	1.645
4406	-0.831	1.152
4407	-0.602	1.401
4408	-0.610	1.300
4409	-0.713	1.464
4410	-0.471	1.115
4411	-0.453	1.144
4412	-0.252	1.195
4413	-0.781	1.179
4414	-0.872	1.112
4415	-0.244	1.102
4416	-0.396	1.278
4417	-1.051	1.471
4418	-0.354	1.935
4419	-0.582	1.170
4420	-0.549	1.372
4421	-0.554	1.510
4422	-0.782	1.229
4423	-0.536	1.146
4424	-0.481	1.291
4425	-0.726	1.776
4426	-0.275	1.338
4427	-0.832	1.450
4428	-0.606	1.144
4429	-0.421	1.152
4430	-0.615	1.562
4431	-0.013	1.192
4432	-0.743	1.170
4433	-0.546	1.139
4434	-0.537	1.078
4435	-0.490	1.445
4436	-0.825	1.313
4437	-0.587	1.276
4438	-0.692	1.394
4439	-0.362	1.400
4440	-0.553	1.118
4441	-0.625	1.463
4442	-0.659	1.207
4443	-0.467	1.257
4444	-0.283	1.516
4445	-0.439	1.596
4446	-0.714	1.546
4447	-0.417	1.149
4448	-1.012	1.212
4449	-0.405	1.292
4450	-0.585	1.150
4451	-0.811	1.529
4452	-0.903	1.232
4453	-0.498	1.163
4454	-0.740	1.445
4455	-0.560	1.364
4456	-0.587	1.650
4457	-0.475	1.270
4458	-0.900	1.160
4459	-0.710	1.141
4460	-0.441	1.272
4461	-0.635	1.120
4462	-0.799	1.163
4463	-0.793	1.115
4464	-0.236	1.312
4465	-0.399	1.172
4466	-0.715	1.456
4467	-0.597	1.651
4468	-0.785	1.239
4469	-0.772	2.036
4470	-0.414	1.121
4471	-0.352	1.555
4472	-0.489	1.077
4473	-0.363	1.347
4474	-0.455	1.283
4475	-0.512	1.162
4476	-0.871	1.121
4477	-0.572	1.265
4478	-0.486	1.249
4479	-0.693	1.342
4480	-0.734	1.314
4481	-0.579	1.200
4482	-0.444	1.143
4483	-0.566	1.211
4484	-0.571	1.336
4485	-0.605	1.801
4486	-0.601	1.205
4487	-1.001	1.164
4488	-0.261	1.138
4489	-0.630	1.126
4490	-0.755	1.150
4491	-0.684	1.297
4492	-0.586	1.265
4493	-0.639	1.398
4494	-0.381	1.156
4495	-0.386	1.282
4496	-0.410	1.253
4497	-0.613	1.208
4498	-0.587	1.487
4499	-0.064	1.867
4500	-0.219	1.090
4501	-0.984	1.377
4502	-0.955	1.204
4503	-0.388	1.216
4504	-0.487	1.424
4505	-0.625	1.138
4506	-0.251	1.444
4507	-0.240	1.075
4508	-0.437	1.229
4509	-0.631	1.508
4510	-0.216	1.122
4511	-0.475	1.703
4512	-0.278	1.088
4513	-0.585	1.174
4514	-0.631	1.355
4515	-0.633	1.355
4516	-0.665	1.190
4517	-0.563	1.715
4518	-0.776	1.413
4519	-1.197	1.142
4520	-0.700	1.224
4521	-0.230	1.184
4522	-0.496	1.201
4523	-0.587	1.132
4524	-0.457	1.444
4525	-0.389	1.087
4526	-0.536	1.109
4527	-0.401	1.334
4528	-0.433	1.712
4529	-0.958	1.201
4530	-0.489	1.202
4531	-0.741	1.300
4532	-0.552	1.198
4533	-0.532	1.218
4534	-0.506	1.139
4535	-0.556	1.303
4536	-0.192	1.111
4537	-0.390	1.109
4538	-0.541	1.179
4539	-0.372	1.480
4540	-0.277	1.494
4541	-0.543	1.177
4542	-0.184	1.888
4543	-0.566	1.149
4544	-0.666	1.186
4545	-0.676	1.142
4546	-0.511	1.138
4547	-0.422	1.265
4548	-0.346	1.225
4549	-0.451	1.599
4550	-0.985	1.319
4551	-0.688	1.162
4552	-0.403	1.084
4553	-0.108	1.145
4554	-0.600	1.150
4555	-0.701	1.610
4556	-0.656	1.545
4557	-0.407	1.132
4558	-0.315	1.346
4559	-0.688	1.188
4560	-0.337	1.140
4561	-0.736	1.125
4562	-0.388	1.261
4563	-0.585	1.173
4564	-0.448	1.564
4565	-0.606	1.506
4566	-0.840	1.177
4567	-0.620	1.372
4568	-0.606	1.123
4569	-0.447	1.681
4570	-0.480	1.110
4571	-0.352	1.326
4572	-0.775	1.220
4573	-0.371	1.220
4574	-0.602	1.183
4575	-1.029	1.127
4576	-0.754	1.262
4577	-0.363	1.169
4578	-0.576	1.278
4579	-0.600	1.223
4580	-0.517	2.045
4581	-0.438	1.175
4582	-0.703	1.182
4583	-0.546	1.412
4584	-0.648	1.499
4585	-0.653	1.342
4586	-0.584	1.206
4587	-0.638	1.131
4588	-0.634	1.258
4589	-0.562	1.200
4590	-0.470	1.182
4591	-0.482	1.259
4592	-0.713	1.173
4593	-0.506	1.441
4594	0.038	1.111
4595	-0.704	1.634
4596	-0.778	1.322
4597	-0.932	1.853
4598	-0.639	1.388
4599	-0.449	1.731
4600	-0.536	1.212
4601	-0.702	1.127
4602	-0.510	1.145
4603	-0.564	1.794
4604	-0.236	1.316
4605	-0.870	1.129
4606	-0.333	1.118
4607	-0.529	1.164
4608	-0.562	1.283
4609	-0.510	1.432
4610	-0.674	1.362
4611	-0.264	1.243
4612	-0.417	1.089
4613	-0.401	1.521
4614	-0.648	1.177
4615	-0.573	1.106
4616	-0.606	1.229
4617	-0.391	1.500
4618	-0.515	1.649
4619	-0.553	1.183
4620	-0.773	1.168
4621	-0.350	1.296
4622	-0.700	1.276
4623	-0.771	1.453
4624	-0.601	1.292
4625	-0.353	1.118
4626	-0.509	1.106
4627	-0.247	1.062
4628	-0.608	1.214
4629	-0.428	1.151
4630	-0.232	1.270
4631	0.052	1.271
4632	-0.611	1.310
4633	-0.605	1.213
4634	-0.668	1.121
4635	-0.590	1.285
4636	-0.921	1.130
4637	-0.606	1.308
4638	-0.476	1.089
4639	-0.730	1.146
4640	0.143	1.236
4641	-0.904	1.411
4642	-0.260	1.322
4643	-0.702	1.093
4644	-0.265	1.147
4645	-0.706	1.302
4646	-0.251	1.424
4647	-0.389	1.250
4648	-0.323	1.154
4649	-0.703	1.154
4650	-0.672	1.161
4651	-0.899	1.240
4652	-0.678	1.122
4653	-0.758	1.274
4654	-0.725	1.285
4655	-0.772	1.108
4656	-0.158	1.150
4657	-0.609	1.388
4658	-0.551	1.127
4659	-0.700	1.183
4660	-0.230	1.156
4661	-0.767	2.102
4662	-0.389	1.315
4663	-0.608	1.139
4664	-0.452	1.482
4665	-0.312	1.647
4666	-0.652	1.486
4667	-0.557	1.222
4668	-0.666	1.363
4669	-0.891	1.183
4670	-0.763	1.104
4671	-0.250	1.432
4672	-0.552	1.558
4673	-0.232	1.232
4674	-0.409	1.209
4675	-0.711	1.103
4676	-0.665	1.346
4677	-0.613	1.129
4678	-0.445	1.285
4679	-0.360	1.293
4680	-0.640	1.289
4681	-0.880	1.264
4682	-0.549	1.463
4683	-0.771	1.246
4684	-0.514	1.264
4685	-0.643	1.138
4686	-0.480	1.539
4687	-0.607	1.561
4688	-0.466	1.134
4689	-0.778	1.503
4690	-0.372	1.095
4691	-0.748	1.420
4692	-0.828	1.335
4693	-0.491	1.432
4694	-0.390	1.445
4695	-0.543	1.255
4696	-0.381	1.178
4697	-0.475	1.183
4698	-0.833	1.160
4699	-0.377	1.181
4700	-0.617	1.199
4701	-0.457	1.218
4702	-0.221	1.159
4703	-0.779	1.216
4704	-0.659	1.187
4705	-1.019	1.227
4706	-0.590	1.451
4707	-0.537	1.293
4708	-0.774	1.890
4709	-0.683	1.370
4710	-0.617	1.276
4711	-0.655	1.323
4712	-0.945	1.466
4713	-0.641	1.317
4714	-0.436	1.111
4715	-0.878	1.122
4716	-0.273	1.144
4717	-0.513	1.094
4718	-0.697	1.678
4719	-0.481	1.139
4720	-0.527	1.159
4721	-0.809	1.152
4722	-0.242	1.191
4723	-0.640	1.283
4724	-0.359	1.214
4725	-0.462	1.360
4726	-0.296	1.353
4727	-0.920	1.245
4728	-0.603	1.104
4729	-0.573	1.309
4730	-0.493	1.343
4731	-0.288	1.322
4732	-0.575	1.154
4733	-0.608	1.128
4734	-0.405	1.137
4735	-0.352	1.153
4736	-0.480	1.220
4737	-0.392	1.584
4738	-0.495	1.141
4739	-0.705	1.384
4740	-0.032	1.224
4741	-0.738	1.230
4742	-0.470	1.251
4743	-0.376	1.245
4744	-0.697	1.806
4745	-0.584	1.320
4746	-0.625	1.213
4747	-0.554	1.285
4748	-0.452	1.382
4749	-0.457	1.216
4750	-0.547	1.644
4751	-0.548	1.172
4752	-0.339	1.476
4753	-0.559	1.520
4754	-0.389	1.221
4755	-0.423	1.127
4756	-0.416	1.180
4757	-0.450	1.515
4758	-0.730	1.242
4759	-0.375	1.167
4760	-0.489	1.114
4761	-0.279	1.558
4762	-0.713	1.166
4763	-0.763	1.209
4764	-0.980	1.144
4765	-0.307	1.416
4766	-0.382	1.225
4767	-0.657	1.147
4768	-0.414	1.345
4769	-0.618	1.438
4770	-0.537	1.902
4771	-0.820	1.113
4772	-0.628	1.248
4773	-0.631	1.297
4774	-0.590	1.798
4775	-0.214	1.125
4776	-0.602	1.841
4777	-0.599	1.150
4778	-0.870	1.133
4779	-0.957	1.166
4780	0.020	1.250
4781	-0.647	1.244
4782	-0.539	1.232
4783	-0.477	1.467
4784	-0.312	1.350
4785	-0.558	1.159
4786	-1.006	1.345
4787	-0.218	1.957
4788	-0.462	1.468
4789	-0.711	1.219
4790	-0.664	1.307
4791	-0.451	1.096
4792	-0.978	2.085
4793	-0.745	1.148
4794	-0.360	1.236
4795	-0.597	1.160
4796	-0.547	1.557
4797	-0.712	1.128
4798	-0.537	1.139
4799	-0.620	1.146
4800	-0.626	1.258
4801	-0.590	1.173
4802	-0.619	1.156
4803	-0.513	1.291
4804	-0.280	1.345
4805	-1.118	1.488
4806	-0.684	1.285
4807	-0.757	1.162
4808	-0.614	1.263
4809	-0.777	1.136
4810	-0.549	1.580
4811	0.000	1.644
4812	-0.309	1.079
4813	-0.996	1.969
4814	-0.662	1.393
4815	-0.529	1.472
4816	-0.462	1.803
4817	-0.589	1.203
4818	-0.434	1.927
4819	-0.769	1.307
4820	-0.718	1.424
4821	-0.732	1.306
4822	-0.388	1.232
4823	-0.437	1.347
4824	-0.564	1.156
4825	-0.613	1.128
4826	-0.492	1.258
4827	-0.095	1.109
4828	-0.643	1.251
4829	-0.311	1.273
4830	-0.140	1.382
4831	-0.544	1.852
4832	-0.334	1.248
4833	-0.631	1.261
4834	-0.669	1.214
4835	-0.901	1.776
4836	-0.229	1.744
4837	-0.473	1.364
4838	-0.726	1.262
4839	-0.593	1.278
4840	-0.687	1.081
4841	-0.431	1.161
4842	-0.551	1.420
4843	-0.710	1.113
4844	-0.887	1.220
4845	-0.560	1.144
4846	-0.945	1.093
4847	-0.473	1.150
4848	-0.935	1.266
4849	-0.535	1.152
4850	-0.385	1.179
4851	-0.439	1.285
4852	-0.787	1.273
4853	-0.671	1.141
4854	-0.867	1.102
4855	-0.219	1.245
4856	-0.400	1.364
4857	-0.639	1.505
4858	-0.413	2.173
4859	-0.475	1.224
4860	-0.645	1.284
4861	-0.789	1.110
4862	-0.600	1.258
4863	-0.557	1.273
4864	-0.751	1.072
4865	-0.569	1.127
4866	-0.854	1.182
4867	-0.362	1.201
4868	-0.726	1.119
4869	-0.993	1.253
4870	-0.497	1.321
4871	-0.654	1.206
4872	-0.295	1.129
4873	-0.311	1.651
4874	-0.932	1.285
4875	-0.200	1.193
4876	-0.506	1.334
4877	-0.882	1.712
4878	-0.863	1.147
4879	-0.746	1.207
4880	-0.404	1.199
4881	-0.446	1.285
4882	-0.861	1.132
4883	-0.411	1.252
4884	-0.749	1.167
4885	-0.375	1.967
4886	-0.527	1.150
4887	-0.974	1.178
4888	-0.906	1.168
4889	-0.430	1.199
4890	-0.544	1.317
4891	-0.616	1.145
4892	-0.623	1.168
4893	-0.808	1.115
4894	-0.696	1.409
4895	-0.796	1.196
4896	-0.830	1.395
4897	-0.403	1.357
4898	-0.482	1.170
4899	-0.202	1.170
4900	-0.648	2.013
4901	-0.831	1.188
4902	-0.412	1.341
4903	-0.318	1.538
4904	-0.709	1.399
4905	-0.224	1.075
4906	-0.525	1.161
4907	-0.209	1.370
4908	-0.822	1.186
4909	-0.668	1.230
4910	-0.916	1.476
4911	-0.760	1.347
4912	-0.557	1.231
4913	-0.681	1.361
4914	-0.624	1.419
4915	-0.450	1.288
4916	-0.606	1.147
4917	-0.431	1.788
4918	-0.605	1.347
4919	-0.713	1.530
4920	-0.457	1.225
4921	-0.483	1.214
4922	-0.927	1.128
4923	-0.623	1.224
4924	-0.201	1.593
4925	-0.750	1.669
4926	-0.467	1.163
4927	-0.404	1.485
4928	-0.399	1.163
4929	-0.713	1.190
4930	-0.534	1.138
4931	-1.031	1.184
4932	-0.641	1.204
4933	-0.610	1.187
4934	-0.936	1.383
4935	-0.860	1.219
4936	-0.907	1.492
4937	-0.162	2.144
4938	-0.561	1.437
4939	-0.476	1.678
4940	-0.858	1.114
4941	-0.568	1.475
4942	-0.732	1.072
4943	-0.476	1.384
4944	-0.614	1.230
4945	-0.761	1.166
4946	-0.508	1.364
4947	-0.871	1.107
4948	-0.420	1.190
4949	-0.738	1.268
4950	-0.402	1.194
4951	-0.839	1.107
4952	-0.653	1.304
4953	-0.467	1.366
4954	-0.535	1.422
4955	-0.590	1.096
4956	-0.688	1.092
4957	-0.370	1.122
4958	-0.429	1.435
4959	-0.779	1.520
4960	-0.396	1.131
4961	-0.212	1.310
4962	-0.909	1.305
4963	-0.636	1.203
4964	-0.355	1.182
4965	-0.568	1.269
4966	-0.541	1.173
4967	-0.681	1.324
4968	-0.657	1.161
4969	-0.373	1.224
4970	-0.752	1.136
4971	-0.048	1.169
4972	-0.661	1.124
4973	-0.779	1.350
4974	-0.688	1.290
4975	-0.523	1.203
4976	-0.621	1.350
4977	-0.142	1.135
4978	-0.791	1.290
4979	-0.781	1.150
4980	-0.594	1.150
4981	-0.323	1.157
4982	-0.819	1.154
4983	-0.695	1.275
4984	-0.413	1.217
4985	-0.563	1.215
4986	-0.392	1.153
4987	-0.566	1.123
4988	-0.530	1.325
4989	-0.474	1.151
4990	-1.021	1.180
4991	-0.728	1.120
4992	-0.677	1.211
4993	-0.750	1.157
4994	-0.638	1.109
4995	-0.785	1.181
4996	-0.375	1.167
4997	-0.560	1.105
4998	-0.803	1.123
4999	-0.797	1.119
