0000	-0.311	1.179
0001	-0.220	1.134
0002	-0.957	1.089
0003	-0.765	1.107
0004	-0.313	1.081
0005	-0.544	1.113
0006	-0.814	1.106
0007	-0.682	1.089
0008	-0.240	1.131
0009	-0.760	1.008
0010	-0.817	1.052
0011	-0.583	1.172
0012	-0.781	1.094
0013	-0.626	1.074
0014	-0.736	1.146
0015	-0.706	1.121
0016	-0.804	1.105
0017	-0.632	1.046
0018	-0.563	1.158
0019	-0.489	1.087
0020	-0.505	1.137
0021	-0.301	1.018
0022	-0.798	1.079
0023	-0.647	1.091
0024	-0.872	1.126
0025	-0.404	1.097
0026	-0.745	1.063
0027	-0.591	1.122
0028	-0.870	0.994
0029	-0.503	1.047
0030	-0.423	1.235
0031	-0.323	1.060
0032	-0.284	1.139
0033	-0.748	1.018
0034	-0.395	1.108
0035	-0.753	1.106
0036	-0.376	1.095
0037	-0.505	1.060
0038	-0.667	1.117
0039	-0.946	1.094
0040	-0.804	1.150
0041	-0.964	1.119
0042	-0.123	1.125
0043	-0.405	1.116
0044	-0.421	1.178
0045	-0.794	1.166
0046	-0.621	1.118
0047	-0.858	1.201
0048	-0.608	1.154
0049	-0.704	1.083
0050	-0.772	1.034
0051	-0.753	1.126
0052	-0.494	1.088
0053	-0.942	1.161
0054	-0.716	1.161
0055	-0.785	1.058
0056	-0.671	1.062
0057	-1.171	1.115
0058	-0.543	1.128
0059	-0.489	1.162
0060	-0.436	1.154
0061	-0.788	1.140
0062	-0.749	1.074
0063	-0.752	1.125
0064	-0.857	1.152
0065	-0.474	1.098
0066	-0.552	1.058
0067	-0.803	1.131
0068	-0.876	1.147
0069	-0.514	1.138
0070	-0.052	1.063
0071	-0.835	1.047
0072	-0.741	1.182
0073	-0.825	1.144
0074	-0.455	1.025
0075	-0.614	1.097
0076	-0.594	1.070
0077	-0.123	1.080
0078	-0.463	1.056
0079	-0.585	1.158
0080	-0.625	1.140
0081	-0.679	1.141
0082	-0.858	1.140
0083	-0.592	1.078
0084	-0.271	1.172
0085	-1.187	1.115
0086	-0.824	1.116
0087	-0.791	1.107
0088	-0.668	1.150
0089	-0.440	1.212
0090	-0.689	1.081
0091	-0.574	1.148
0092	-0.820	1.162
0093	-0.531	1.077
0094	-1.117	1.104
0095	-0.983	1.074
0096	-0.804	1.134
0097	-0.743	1.143
0098	-0.711	1.039
0099	-0.660	1.086
0100	-0.626	1.138
0101	-0.495	1.036
0102	-0.791	1.062
0103	-0.676	1.082
0104	-0.250	1.151
0105	-0.774	1.120
0106	-0.530	1.062
0107	-0.659	1.118
0108	-0.697	1.104
0109	-0.708	1.001
0110	-0.657	1.046
0111	-0.737	1.039
0112	-0.998	1.072
0113	-0.763	1.136
0114	-0.695	1.112
0115	-0.683	1.067
0116	-0.310	1.145
0117	-0.480	1.126
0118	-0.773	1.051
0119	-0.152	1.081
0120	-0.426	1.110
0121	-0.816	1.113
0122	-0.246	1.120
0123	-0.490	1.109
0124	-0.513	1.066
0125	-0.884	1.103
0126	-0.485	1.138
0127	-0.369	1.061
0128	-0.957	1.125
0129	-0.535	1.101
0130	-0.318	1.121
0131	-0.833	1.095
0132	-0.913	1.113
0133	-0.557	1.061
0134	-0.711	1.089
0135	-0.601	1.026
0136	-0.852	1.191
0137	-0.411	1.131
0138	-0.737	1.209
0139	-0.726	1.178
0140	-0.453	1.166
0141	-0.431	1.095
0142	-0.612	1.137
0143	-0.424	1.104
0144	-0.195	1.136
0145	-0.337	1.128
0146	-0.746	1.158
0147	-0.539	1.156
0148	-0.764	1.126
0149	-0.758	1.043
0150	-0.252	1.067
0151	-0.683	1.088
0152	-0.389	1.120
0153	-0.561	1.149
0154	-0.847	1.162
0155	-0.297	1.148
0156	-0.420	1.214
0157	-0.606	1.139
0158	-0.568	1.071
0159	-0.776	1.039
0160	-0.520	1.117
0161	-0.572	1.141
0162	-1.075	1.155
0163	-0.402	1.039
0164	-0.701	1.052
0165	-0.605	1.130
0166	-0.767	1.147
0167	-0.842	1.142
0168	-0.382	1.080
0169	-0.464	1.070
0170	-0.539	1.059
0171	-0.434	1.146
0172	-0.642	1.140
0173	-0.392	1.109
0174	-0.811	1.104
0175	-0.542	1.123
0176	-0.604	1.050
0177	-0.750	0.995
0178	-0.521	1.097
0179	-0.613	1.061
0180	-0.390	1.184
0181	-0.411	1.179
0182	-0.574	1.149
0183	-0.214	1.224
0184	-0.859	1.142
0185	-0.446	1.158
0186	-0.189	1.117
0187	-1.019	1.175
0188	-0.575	1.035
0189	-0.135	1.140
0190	-0.776	1.161
0191	-0.488	1.097
0192	-0.814	1.057
0193	-0.309	1.146
0194	-0.582	1.047
0195	-0.561	1.072
0196	-0.539	1.080
0197	-0.766	1.176
0198	-0.921	1.071
0199	-0.811	1.115
0200	-0.595	1.207
0201	-0.261	1.177
0202	-0.544	1.112
0203	-0.762	1.042
0204	-0.606	1.041
0205	-0.636	1.152
0206	-0.220	1.112
0207	-0.717	1.160
0208	-0.415	1.105
0209	-0.329	1.122
0210	-0.598	1.118
0211	-0.773	1.063
0212	-0.644	1.106
0213	-0.488	1.099
0214	-0.824	1.118
0215	-0.397	1.047
0216	-0.922	1.089
0217	-0.819	1.039
0218	-0.854	1.114
0219	-0.474	1.115
0220	-0.602	1.127
0221	-0.744	1.199
0222	-0.624	1.031
0223	-0.640	1.116
0224	-0.748	1.078
0225	-0.911	1.200
0226	-0.921	1.231
0227	-0.553	1.088
0228	-0.349	1.169
0229	-0.692	1.115
0230	-0.767	1.092
0231	-0.579	1.124
0232	-0.911	1.057
0233	-0.391	1.090
0234	-0.539	1.128
0235	-0.567	1.065
0236	-0.410	1.084
0237	-0.604	1.170
0238	-0.663	1.102
0239	-0.746	1.075
0240	-0.666	1.050
0241	-0.438	1.105
0242	-0.351	1.106
0243	-0.680	1.110
0244	-0.677	1.118
0245	-0.682	1.125
0246	-0.791	1.143
0247	-0.785	1.132
0248	-0.512	1.057
0249	-0.355	1.177
0250	-0.708	1.091
0251	-0.623	1.135
0252	-0.625	1.151
0253	-0.312	1.153
0254	-0.467	1.070
0255	-0.712	1.167
0256	-0.705	1.137
0257	-0.414	1.161
0258	-0.694	1.157
0259	-0.596	1.050
0260	-0.349	1.132
0261	-0.874	1.135
0262	-0.577	1.104
0263	-0.376	1.058
0264	-1.146	1.101
0265	-0.393	1.189
0266	-0.536	1.165
0267	-0.773	1.110
0268	-0.776	1.102
0269	-0.866	1.113
0270	-0.883	1.113
0271	-0.889	1.093
0272	-0.475	1.105
0273	-0.818	1.126
0274	-0.401	1.075
0275	-0.501	1.133
0276	-0.501	1.112
0277	-0.772	1.164
0278	-0.362	1.151
0279	-0.933	1.079
0280	-1.020	1.105
0281	-0.700	1.130
0282	-0.636	1.162
0283	-0.578	1.173
0284	-0.631	1.070
0285	-0.809	1.089
0286	-0.534	1.132
0287	-0.526	1.098
0288	-0.821	1.137
0289	-0.786	1.094
0290	-0.468	1.096
0291	-0.367	1.088
0292	-0.772	1.128
0293	-0.288	1.187
0294	-0.777	1.122
0295	-0.432	1.082
0296	-0.209	1.128
0297	-0.319	1.195
0298	-0.823	1.175
0299	-0.338	1.091
0300	-0.823	1.161
0301	-1.090	1.088
0302	-0.478	1.120
0303	-0.946	1.106
0304	-0.420	1.137
0305	-0.674	1.072
0306	-0.683	1.169
0307	-0.164	1.112
0308	-0.780	1.147
0309	-0.329	1.047
0310	-0.512	1.087
0311	-0.524	1.119
0312	-0.313	1.157
0313	-0.574	1.130
0314	-0.728	1.111
0315	-0.707	1.051
0316	-0.702	1.061
0317	-0.307	1.087
0318	-0.456	1.179
0319	-0.784	1.102
0320	-0.458	1.187
0321	-0.235	1.189
0322	-0.491	1.185
0323	-0.988	1.086
0324	-0.682	1.150
0325	-0.566	1.069
0326	-0.699	1.031
0327	-0.612	1.119
0328	-0.243	1.115
0329	-0.779	1.106
0330	-0.622	1.136
0331	-0.735	1.088
0332	-0.912	1.178
0333	-0.578	1.117
0334	-0.748	1.106
0335	-0.296	1.161
0336	-0.508	1.133
0337	-0.274	1.124
0338	-0.790	1.116
0339	-0.665	1.174
0340	-0.806	1.030
0341	-0.482	1.089
0342	-0.494	1.097
0343	-0.780	1.083
0344	-1.191	1.043
0345	-0.404	1.048
0346	-0.322	1.017
0347	-0.979	1.040
0348	-0.868	1.028
0349	-0.460	1.097
0350	-0.269	1.109
0351	-0.836	1.074
0352	-0.534	1.158
0353	-0.694	1.096
0354	-0.671	1.093
0355	-0.452	1.101
0356	-0.505	1.115
0357	-0.523	1.097
0358	-0.533	1.074
0359	-0.782	1.097
0360	-0.188	1.190
0361	-0.597	1.105
0362	-0.703	1.094
0363	-1.056	1.106
0364	-0.632	1.081
0365	-0.541	1.107
0366	-0.851	1.087
0367	-0.498	1.077
0368	-0.729	1.032
0369	-0.475	1.145
0370	-0.076	1.119
0371	-0.679	1.044
0372	-0.649	1.114
0373	-0.580	1.100
0374	-0.588	1.101
0375	-0.400	1.115
0376	-0.440	1.088
0377	-0.486	1.058
0378	-0.688	1.050
0379	-0.870	1.161
0380	-0.514	1.082
0381	-0.435	1.071
0382	-0.860	1.076
0383	-0.174	1.116
0384	-0.418	1.136
0385	-0.676	1.115
0386	-0.473	1.119
0387	-0.698	1.172
0388	-0.831	1.093
0389	-0.546	1.197
0390	-0.597	1.110
0391	-0.366	1.147
0392	-0.418	1.123
0393	-0.617	1.119
0394	-0.540	1.139
0395	-0.992	1.085
0396	-0.675	1.124
0397	-0.537	1.128
0398	-0.357	1.110
0399	-0.575	1.081
0400	-0.798	1.069
0401	-0.612	1.082
0402	-0.559	1.052
0403	-1.133	1.145
0404	-0.148	1.181
0405	-0.374	1.124
0406	-0.495	1.048
0407	-0.514	1.108
0408	-0.732	1.065
0409	-1.136	1.138
0410	-0.306	1.040
0411	-0.755	1.086
0412	-0.597	1.078
0413	-0.649	1.015
0414	-0.371	1.074
0415	-0.720	1.087
0416	-0.348	1.171
0417	-0.464	1.130
0418	-0.439	1.134
0419	-0.468	1.068
0420	-0.106	1.205
0421	-0.520	1.071
0422	-0.345	1.119
0423	-0.884	1.144
0424	-0.584	1.074
0425	-0.439	1.076
0426	-0.574	1.168
0427	-0.362	1.135
0428	-0.232	1.088
0429	-0.474	1.040
0430	-0.827	1.067
0431	-0.347	1.122
0432	-0.608	1.100
0433	-0.491	1.110
0434	-0.928	1.158
0435	-0.172	1.057
0436	-0.919	1.056
0437	-1.200	1.114
0438	-0.786	1.135
0439	-0.601	1.151
0440	-0.751	1.039
0441	-0.433	1.073
0442	-0.505	1.082
0443	-0.701	1.116
0444	-0.404	1.098
0445	-0.817	1.061
0446	-0.989	1.113
0447	-0.492	1.098
0448	-0.674	1.164
0449	-0.279	1.223
0450	-0.803	1.109
0451	-0.537	1.065
0452	-0.664	1.095
0453	-1.132	1.131
0454	-0.443	1.094
0455	-0.725	1.121
0456	-0.580	1.165
0457	-0.575	1.124
0458	-0.662	1.162
0459	-0.608	1.074
0460	-0.686	1.127
0461	-0.702	1.115
0462	-0.531	1.157
0463	-0.640	1.140
0464	-0.516	1.132
0465	-0.786	1.106
0466	-0.713	1.113
0467	-0.513	1.118
0468	-0.885	1.147
0469	-0.599	1.102
0470	-0.536	1.119
0471	-0.327	1.133
0472	-0.397	1.126
0473	-0.097	1.187
0474	-0.491	1.098
0475	-0.643	1.040
0476	-0.705	1.045
0477	-0.812	1.043
0478	-0.523	1.112
0479	-0.681	1.066
0480	-0.656	1.109
0481	-0.763	1.118
0482	-0.287	1.027
0483	-0.565	1.107
0484	-0.243	1.030
0485	-0.249	1.111
0486	-0.399	1.108
0487	-0.479	1.150
0488	-0.560	1.101
0489	-0.650	1.137
0490	-0.457	1.161
0491	-0.852	1.105
0492	-0.295	1.095
0493	-0.471	1.076
0494	-0.721	1.058
0495	-0.454	1.053
0496	-1.033	1.081
0497	-0.612	1.066
0498	-0.994	1.149
0499	-0.577	1.142
0500	-0.591	1.148
0501	-1.008	1.107
0502	-0.426	1.120
0503	-0.656	1.101
0504	-0.454	1.168
0505	-0.680	1.089
0506	-0.609	1.108
0507	-0.380	1.023
0508	-0.650	1.092
0509	-0.655	1.105
0510	-0.605	1.000
0511	-0.595	1.084
0512	-0.630	1.082
0513	-0.410	1.103
0514	-0.338	1.152
0515	-0.205	1.067
0516	-0.882	1.124
0517	-0.574	1.120
0518	-0.727	1.155
0519	-0.420	1.050
0520	-0.690	1.082
0521	-0.821	1.141
0522	-0.655	1.140
0523	-0.363	1.055
0524	-0.715	1.070
0525	-0.087	1.105
0526	-0.168	1.121
0527	-0.573	1.171
0528	-0.724	1.079
0529	-0.588	1.173
0530	-0.604	1.167
0531	-0.546	1.130
0532	-0.276	1.093
0533	-0.784	1.032
0534	-0.855	1.098
0535	-0.686	1.119
0536	-0.304	1.090
0537	-0.670	1.083
0538	-0.929	1.130
0539	-0.538	1.140
0540	-0.691	1.110
0541	-0.610	1.163
0542	-0.661	1.153
0543	-0.748	1.186
0544	-0.282	1.137
0545	-0.571	1.172
0546	-0.693	1.178
0547	-0.395	1.057
0548	-0.332	1.089
0549	-0.620	1.158
0550	-0.705	1.129
0551	-0.210	1.172
0552	-0.625	1.026
0553	-0.752	1.095
0554	-0.412	1.046
0555	-0.545	1.252
0556	-0.559	1.105
0557	-0.758	1.142
0558	-0.597	1.091
0559	-0.726	1.154
0560	-0.325	1.125
0561	-0.447	1.076
0562	-0.541	1.138
0563	-0.638	1.107
0564	-0.528	1.191
0565	-0.263	1.116
0566	-0.732	1.062
0567	-0.694	1.130
0568	-0.657	1.157
0569	-0.411	1.139
0570	-0.756	1.072
0571	-0.397	1.142
0572	-0.384	1.108
0573	-0.786	1.104
0574	-0.746	1.153
0575	-0.253	1.107
0576	-0.458	1.154
0577	-0.950	1.082
0578	-0.524	1.123
0579	-0.967	1.056
0580	-0.840	1.079
0581	-0.690	1.063
0582	-0.672	1.133
0583	-0.428	1.139
0584	-0.503	1.091
0585	-0.537	1.077
0586	-0.329	1.043
0587	-0.616	1.132
0588	-0.563	1.050
0589	-0.654	1.098
0590	-0.913	1.137
0591	-0.773	1.191
0592	-0.613	1.156
0593	-0.320	1.071
0594	-0.560	1.122
0595	-0.740	1.091
0596	-0.850	1.055
0597	-0.759	1.090
0598	-0.766	1.170
0599	-0.219	1.091
0600	-0.918	1.109
0601	-0.730	1.139
0602	-0.482	1.110
0603	-0.876	1.085
0604	-0.480	1.158
0605	-0.474	1.078
0606	-0.827	1.151
0607	-0.410	1.147
0608	-0.349	1.148
0609	-0.712	1.146
0610	-0.930	1.137
0611	-0.685	1.125
0612	-0.519	1.073
0613	-0.475	1.090
0614	-0.609	1.043
0615	-0.761	1.132
0616	-0.661	1.100
0617	-0.469	1.081
0618	-0.699	1.167
0619	-0.575	1.105
0620	-0.702	1.054
0621	-0.755	1.097
0622	-0.387	1.126
0623	-0.723	1.182
0624	-0.816	1.032
0625	-0.498	1.156
0626	-0.467	1.176
0627	-0.596	1.114
0628	-1.211	1.091
0629	-0.559	1.159
0630	-0.683	1.294
0631	-0.658	1.196
0632	-0.684	1.175
0633	-0.806	1.094
0634	-0.658	1.158
0635	-0.210	1.200
0636	-0.469	1.143
0637	-0.671	1.138
0638	-0.461	1.120
0639	-0.184	1.179
0640	-0.508	1.121
0641	-0.525	1.113
0642	-0.960	1.139
0643	-0.767	1.123
0644	-0.403	1.080
0645	-0.848	1.146
0646	-0.273	1.134
0647	-0.471	1.188
0648	-0.502	1.107
0649	-0.783	1.045
0650	-0.832	1.148
0651	-0.468	1.107
0652	-0.777	1.106
0653	-0.674	1.085
0654	-0.641	1.142
0655	-0.484	1.062
0656	-0.766	1.039
0657	-0.802	1.117
0658	-0.764	1.086
0659	-0.652	1.076
0660	-0.651	1.103
0661	-0.144	1.112
0662	-0.303	1.100
0663	-0.643	1.111
0664	-0.456	1.097
0665	-0.614	1.198
0666	-0.732	1.092
0667	-0.480	1.097
0668	-0.763	1.134
0669	-0.550	1.089
0670	-0.643	1.031
0671	-0.504	1.157
0672	-0.374	1.162
0673	-0.552	1.043
0674	-0.363	1.071
0675	-0.436	1.063
0676	-0.369	1.025
0677	-0.954	1.027
0678	-0.577	1.079
0679	-0.635	1.051
0680	-0.633	1.102
0681	-0.395	1.108
0682	-0.473	1.180
0683	-0.896	1.092
0684	-0.744	1.125
0685	-0.302	1.077
0686	-0.771	1.128
0687	-0.595	1.120
0688	-0.423	1.139
0689	-0.309	1.052
0690	-0.748	1.169
0691	-0.954	1.047
0692	-0.614	1.086
0693	-0.839	1.147
0694	-0.408	1.084
0695	-0.858	1.118
0696	-0.632	1.117
0697	-0.474	1.078
0698	-0.567	1.082
0699	-0.692	1.120
0700	-0.251	1.145
0701	-0.900	1.149
0702	-0.755	1.064
0703	-0.841	1.106
0704	-0.620	1.077
0705	-0.453	1.133
0706	-0.278	1.092
0707	-0.740	1.178
0708	-0.659	1.064
0709	-0.526	1.122
0710	-0.715	1.090
0711	-0.687	1.144
0712	-0.614	1.165
0713	-0.872	1.186
0714	-0.882	1.071
0715	-0.409	1.158
0716	-0.598	1.084
0717	-0.689	1.087
0718	-0.450	1.021
0719	-0.585	1.097
0720	-0.682	1.019
0721	-0.668	1.040
0722	-0.461	1.136
0723	-0.689	1.144
0724	-0.329	1.212
0725	-0.501	1.200
0726	-0.793	1.167
0727	-0.501	1.069
0728	-0.775	1.156
0729	-0.737	1.124
0730	-0.646	1.153
0731	-0.921	1.092
0732	-0.505	1.087
0733	-0.660	1.092
0734	-0.389	1.093
0735	-0.645	1.141
0736	-0.936	1.111
0737	-0.422	1.092
0738	-0.822	1.171
0739	-0.645	1.002
0740	-0.507	1.103
0741	-0.698	1.187
0742	-0.909	1.130
0743	-0.410	1.149
0744	-0.473	1.080
0745	-0.647	1.103
0746	-0.665	1.147
0747	-0.404	1.095
0748	-0.548	1.158
0749	-0.581	1.168
0750	-0.766	1.030
0751	-0.453	1.062
0752	-0.617	1.110
0753	-0.700	1.053
0754	-0.951	1.139
0755	-0.698	1.150
0756	-1.093	1.081
0757	-0.653	1.122
0758	-0.539	1.120
0759	-0.667	1.172
0760	-0.541	1.029
0761	-0.795	1.120
0762	-1.123	1.115
0763	-0.782	1.054
0764	-0.532	1.082
0765	-0.852	1.095
0766	-0.783	1.110
0767	-0.811	1.090
0768	-0.522	1.068
0769	-0.111	1.085
0770	-0.589	1.100
0771	-0.667	1.021
0772	-0.546	1.077
0773	-0.798	1.196
0774	-0.444	1.188
0775	-0.511	1.198
0776	-0.403	1.145
0777	-0.450	1.119
0778	-0.250	1.131
0779	-0.775	1.146
0780	-0.530	1.097
0781	-0.653	1.099
0782	-0.692	1.110
0783	-0.615	1.078
0784	-0.576	1.090
0785	-0.847	1.098
0786	-0.624	1.141
0787	-0.751	1.139
0788	-0.507	1.080
0789	-0.304	1.098
0790	-0.501	1.064
0791	-0.257	1.060
0792	-0.869	1.097
0793	-0.552	1.120
0794	-0.343	1.101
0795	-0.930	1.139
0796	-0.530	1.041
0797	-0.673	1.085
0798	-1.025	1.142
0799	-0.535	1.165
0800	-0.411	1.150
0801	-0.882	1.045
0802	-0.811	1.080
0803	-0.540	1.103
0804	-0.954	1.071
0805	-0.321	1.143
0806	-0.549	1.054
0807	-0.567	1.063
0808	-0.698	1.201
0809	-0.752	1.054
0810	-0.649	1.082
0811	-0.659	1.086
0812	-0.344	1.024
0813	-0.400	1.111
0814	-0.500	1.131
0815	-0.801	1.113
0816	-0.574	1.117
0817	-0.718	1.134
0818	-0.582	1.170
0819	-0.567	1.150
0820	-0.540	1.053
0821	-0.211	1.144
0822	-0.940	1.128
0823	-0.792	1.125
0824	-0.723	1.106
0825	-0.526	1.100
0826	-0.510	1.138
0827	-0.619	1.066
0828	-0.540	1.074
0829	-0.722	1.075
0830	-0.730	1.039
0831	-0.196	1.223
0832	-0.698	1.150
0833	-0.186	1.099
0834	-0.562	1.129
0835	-0.938	1.133
0836	-0.867	1.112
0837	-0.461	1.046
0838	-0.751	1.180
0839	-0.600	1.044
0840	-0.762	1.097
0841	-0.740	1.198
0842	-0.410	1.070
0843	-0.977	1.084
0844	-1.219	1.083
0845	-0.383	1.066
0846	-0.648	1.095
0847	-1.028	1.109
0848	-0.529	1.123
0849	-0.501	1.112
0850	-0.452	1.138
0851	-0.660	1.119
0852	-0.059	1.049
0853	-0.477	1.095
0854	-0.263	1.102
0855	-0.715	1.134
0856	-0.920	1.077
0857	-0.193	1.076
0858	-0.609	1.022
0859	-0.854	1.115
0860	-0.156	1.105
0861	-0.672	1.042
0862	-0.657	1.032
0863	-0.749	1.088
0864	-0.636	1.119
0865	-0.451	1.120
0866	-0.483	1.162
0867	-0.649	1.170
0868	-0.592	1.159
0869	-0.629	1.155
0870	-0.546	1.123
0871	-0.490	1.199
0872	-0.362	1.165
0873	-0.443	1.027
0874	-0.722	1.150
0875	-0.578	1.142
0876	-0.542	1.239
0877	-0.721	1.103
0878	-0.817	1.112
0879	-0.574	1.147
0880	-0.393	1.119
0881	-0.504	1.104
0882	-0.748	1.039
0883	-0.308	1.101
0884	-0.315	1.180
0885	-0.386	1.108
0886	-0.565	1.121
0887	-0.410	1.046
0888	-0.649	1.166
0889	-0.538	1.026
0890	-0.690	1.110
0891	-0.568	1.091
0892	-0.807	1.068
0893	-0.969	1.073
0894	-0.686	1.149
0895	-1.106	1.141
0896	-0.288	1.164
0897	-0.685	1.109
0898	-0.776	1.036
0899	-0.878	1.114
0900	-0.881	1.196
0901	-0.754	1.105
0902	-0.376	1.113
0903	-0.306	1.118
0904	-0.680	1.138
0905	-0.831	1.108
0906	-0.584	1.120
0907	-0.218	1.160
0908	-0.058	1.023
0909	-1.054	1.088
0910	-0.371	1.067
0911	-0.558	1.118
0912	-0.575	1.115
0913	-0.392	1.169
0914	-0.621	1.188
0915	-0.312	1.154
0916	-0.473	1.033
0917	-0.450	1.126
0918	-0.500	1.081
0919	-0.211	1.050
0920	-0.588	1.138
0921	-0.472	1.118
0922	-0.438	1.183
0923	-0.854	1.092
0924	-0.739	1.172
0925	-0.689	1.149
0926	-1.015	1.175
0927	-0.646	1.038
0928	-0.866	1.092
0929	-0.579	0.986
0930	-0.794	1.096
0931	-0.800	1.162
0932	-0.451	1.081
0933	-0.733	1.147
0934	-0.562	1.011
0935	-0.459	1.132
0936	-0.364	1.128
0937	-0.593	1.103
0938	-0.615	1.089
0939	-0.995	1.117
0940	-0.896	1.136
0941	-0.490	1.042
0942	-0.494	1.129
0943	-0.878	1.117
0944	-0.829	1.023
0945	-0.569	1.123
0946	-0.596	1.214
0947	-0.655	1.150
0948	-0.552	1.136
0949	-0.662	1.155
0950	-0.302	1.148
0951	-0.939	1.109
0952	-0.572	1.087
0953	-0.664	1.056
0954	-0.730	1.146
0955	-0.481	1.128
0956	-0.488	1.044
0957	-1.021	1.074
0958	-0.197	1.103
0959	-0.389	1.187
0960	-0.801	1.121
0961	-0.853	1.072
0962	-0.573	1.119
0963	-0.267	1.103
0964	-0.443	1.053
0965	-0.682	1.102
0966	-0.765	1.124
0967	-0.444	1.083
0968	-0.560	1.130
0969	-0.581	1.173
0970	-0.826	1.168
0971	-0.795	1.101
0972	-0.754	1.054
0973	-0.506	1.096
0974	-0.559	1.180
0975	-0.370	1.223
0976	-0.735	1.176
0977	-0.600	1.215
0978	-0.886	1.162
0979	-0.598	1.163
0980	-0.472	1.164
0981	-0.378	1.169
0982	-1.221	1.027
0983	-0.706	1.100
0984	-0.020	1.128
0985	-0.709	1.106
0986	-0.437	1.050
0987	-0.935	1.133
0988	-0.734	1.117
0989	-0.419	1.115
0990	-0.833	1.104
0991	-0.744	1.171
0992	-1.247	1.152
0993	-1.109	1.121
0994	-0.640	1.130
0995	-0.482	1.007
0996	-1.035	1.013
0997	-0.425	1.181
0998	-0.322	1.134
0999	-0.763	1.095
1000	-0.355	1.141
1001	-0.349	1.206
1002	-0.671	1.106
1003	-0.935	1.108
1004	-0.621	1.102
1005	-0.597	1.067
1006	-0.637	1.149
1007	-0.442	1.117
1008	-0.526	1.095
1009	-0.846	1.098
1010	-0.584	1.100
1011	-0.470	1.107
1012	-0.614	1.022
1013	-0.861	1.152
1014	-0.185	1.129
1015	-0.682	1.089
1016	-0.738	1.061
1017	-0.712	1.150
1018	-0.727	1.198
1019	-0.690	1.106
1020	-0.068	1.109
1021	-0.656	1.091
1022	-0.453	1.117
1023	-0.930	1.091
1024	-0.462	1.078
1025	-0.488	1.051
1026	-0.481	1.067
1027	-0.529	1.121
1028	-0.782	1.157
1029	-0.399	1.096
1030	-0.761	1.087
1031	-0.562	1.158
1032	-0.434	1.163
1033	-0.870	1.116
1034	-0.457	1.142
1035	-0.771	1.139
1036	-0.277	1.103
1037	-0.464	1.124
1038	-0.585	1.038
1039	-0.610	1.095
1040	-0.428	1.103
1041	-0.709	1.155
1042	-0.774	1.169
1043	-0.918	1.105
1044	-0.652	1.108
1045	-0.596	1.076
1046	-0.822	1.067
1047	-0.681	1.090
1048	-0.768	1.156
1049	-0.735	1.126
1050	-0.636	1.080
1051	-0.282	1.178
1052	-0.458	1.109
1053	-0.515	1.113
1054	-0.868	1.081
1055	-0.498	1.095
1056	-0.705	1.081
1057	-1.003	1.111
1058	-0.465	1.027
1059	-0.531	1.128
1060	-0.203	1.095
1061	-0.528	1.136
1062	-0.519	1.101
1063	-1.035	1.078
1064	-0.479	1.157
1065	-0.789	1.203
1066	-0.849	1.215
1067	-0.992	1.123
1068	-0.278	1.166
1069	-0.806	1.099
1070	-0.601	1.195
1071	-0.784	1.159
1072	-0.679	1.196
1073	-0.744	1.168
1074	-0.628	1.042
1075	-0.607	1.103
1076	-0.552	1.131
1077	-0.996	1.102
1078	-0.606	1.055
1079	-0.662	1.088
1080	-0.876	1.081
1081	-0.827	1.139
1082	-0.742	1.061
1083	-0.599	1.071
1084	-0.479	1.065
1085	-0.708	1.071
1086	-0.476	1.117
1087	-0.863	1.071
1088	-0.998	1.085
1089	-0.490	1.103
1090	-0.506	1.094
1091	-0.479	1.088
1092	-0.913	1.088
1093	-0.872	1.103
1094	-0.483	1.161
1095	-0.866	1.128
1096	-0.250	1.042
1097	-0.617	1.034
1098	-0.560	1.062
1099	-0.898	1.126
1100	-0.688	1.097
1101	-0.677	1.107
1102	-0.778	1.106
1103	-0.422	1.155
1104	-0.780	1.123
1105	-0.993	1.099
1106	-0.788	1.087
1107	-0.523	1.164
1108	-0.756	1.237
1109	-0.646	1.228
1110	-0.871	1.113
1111	-0.723	1.009
1112	-0.565	1.128
1113	-0.999	1.147
1114	-0.728	1.137
1115	-0.408	1.129
1116	-0.584	1.088
1117	-0.835	1.072
1118	-0.986	1.119
1119	-0.057	1.125
1120	-0.778	1.086
1121	-0.578	1.228
1122	-0.742	1.083
1123	-0.472	1.111
1124	-0.749	1.109
1125	-0.759	1.093
1126	-0.511	1.124
1127	-0.586	1.045
1128	-0.593	1.125
1129	-0.466	1.165
1130	-0.921	1.073
1131	-0.607	1.112
1132	-0.945	1.120
1133	-0.536	1.055
1134	-0.493	1.163
1135	-0.654	1.121
1136	-0.776	1.107
1137	-0.459	1.098
1138	-0.839	1.081
1139	-0.520	1.162
1140	-0.951	1.176
1141	-0.765	1.031
1142	-0.540	1.182
1143	-0.797	1.120
1144	-0.837	1.110
1145	-0.746	1.134
1146	-0.814	1.148
1147	-0.811	1.066
1148	-0.399	1.052
1149	-0.585	1.157
1150	-0.976	1.094
1151	-0.271	1.098
1152	-0.463	1.075
1153	-0.552	1.107
1154	-0.387	1.121
1155	-0.771	1.130
1156	-0.649	1.108
1157	-0.423	1.116
1158	-0.282	1.072
1159	-0.669	1.119
1160	-0.392	1.198
1161	-0.519	1.030
1162	-0.328	1.065
1163	-0.806	1.061
1164	-0.688	1.126
1165	-1.085	1.119
1166	-0.747	1.110
1167	-0.385	1.166
1168	-0.287	1.105
1169	-0.984	1.135
1170	-0.551	1.079
1171	-0.334	1.168
1172	-0.338	1.021
1173	-0.191	1.213
1174	-0.227	1.176
1175	-0.503	1.075
1176	-0.421	1.109
1177	-1.018	1.164
1178	-0.368	1.105
1179	-0.313	1.058
1180	-0.749	1.111
1181	-0.763	1.105
1182	-0.549	1.077
1183	-0.688	1.168
1184	-0.267	1.079
1185	-0.540	1.107
1186	-0.482	1.175
1187	-0.713	1.092
1188	-0.607	1.137
1189	-0.166	1.150
1190	-0.613	1.142
1191	-0.610	1.177
1192	-0.555	1.134
1193	-0.669	1.156
1194	-0.826	1.131
1195	-0.712	1.115
1196	-0.649	1.152
1197	-0.983	1.085
1198	-0.509	1.068
1199	-0.881	1.074
1200	-1.088	1.156
1201	-0.643	1.049
1202	-0.516	1.137
1203	-0.616	1.231
1204	-0.475	1.115
1205	-0.547	1.125
1206	-0.481	1.071
1207	-0.525	1.110
1208	-1.218	1.044
1209	-0.714	1.126
1210	-0.244	1.169
1211	-0.734	1.128
1212	-0.531	1.093
1213	-0.906	1.187
1214	-0.660	1.105
1215	-0.961	1.132
1216	-0.883	1.127
1217	-0.669	1.101
1218	-0.480	1.172
1219	-0.845	1.212
1220	-0.620	1.042
1221	-0.905	1.073
1222	-0.576	1.100
1223	-0.698	1.159
1224	-0.649	1.042
1225	-0.649	1.124
1226	-0.064	1.051
1227	-0.703	1.119
1228	-0.806	1.138
1229	-0.915	1.160
1230	-0.726	1.041
1231	-0.596	1.179
1232	-0.668	1.108
1233	-0.531	1.123
1234	-0.510	1.099
1235	-0.763	1.129
1236	-0.973	1.058
1237	-0.969	1.226
1238	-0.262	1.105
1239	-0.965	1.126
1240	-0.660	1.174
1241	-0.540	1.091
1242	-0.876	1.047
1243	-0.550	1.176
1244	-0.664	1.068
1245	-0.409	1.042
1246	-0.799	1.106
1247	-0.579	1.179
1248	-0.480	1.118
1249	-0.583	1.111
1250	-0.230	1.062
1251	-1.010	1.079
1252	-0.573	1.195
1253	-0.683	1.122
1254	-0.969	1.123
1255	-1.006	1.041
1256	-0.813	1.082
1257	-0.631	1.118
1258	-0.874	1.209
1259	-1.076	1.138
1260	-0.616	1.132
1261	-0.838	1.161
1262	-0.890	1.175
1263	-0.358	1.096
1264	-1.229	1.110
1265	-0.728	1.220
1266	-1.137	1.074
1267	-0.473	1.087
1268	-0.805	1.112
1269	-0.654	1.040
1270	-0.193	1.107
1271	-0.856	1.100
1272	-0.492	1.043
1273	-0.863	1.047
1274	-0.792	1.060
1275	-0.260	1.167
1276	-0.678	1.116
1277	-0.854	1.159
1278	-0.700	1.059
1279	-0.712	1.147
1280	-0.393	1.150
1281	-0.438	1.144
1282	-0.688	1.089
1283	-0.303	1.136
1284	-0.880	1.115
1285	-0.543	1.109
1286	-0.532	1.118
1287	-0.537	1.080
1288	-0.726	1.075
1289	-0.648	1.158
1290	-0.633	1.076
1291	-1.067	1.105
1292	-0.673	1.142
1293	-0.420	1.135
1294	-0.299	1.158
1295	-0.551	1.121
1296	-0.750	1.003
1297	-0.556	1.169
1298	-0.779	1.047
1299	-0.726	1.044
1300	-0.726	1.100
1301	-1.098	1.109
1302	-0.518	1.103
1303	-0.760	1.074
1304	-0.769	1.171
1305	-0.680	1.120
1306	-0.622	1.112
1307	-0.575	1.080
1308	-0.802	1.184
1309	-0.597	1.088
1310	-0.525	1.081
1311	-0.307	1.124
1312	-0.407	1.074
1313	-0.537	1.093
1314	-0.501	1.104
1315	-0.378	1.145
1316	-0.458	1.145
1317	-0.734	1.114
1318	-0.856	1.131
1319	-0.492	1.123
1320	-0.712	1.093
1321	-0.245	1.079
1322	-0.321	1.152
1323	-0.552	1.120
1324	-0.320	1.121
1325	-0.861	1.072
1326	-0.693	1.078
1327	-0.835	1.124
1328	-0.480	1.053
1329	-0.450	1.072
1330	-0.733	1.145
1331	-0.555	1.109
1332	-0.430	1.084
1333	-0.485	1.060
1334	-0.536	1.099
1335	-0.391	1.029
1336	-0.756	1.167
1337	-0.140	1.047
1338	-0.519	1.081
1339	-0.616	1.141
1340	-0.762	1.171
1341	-0.547	1.027
1342	-0.684	1.128
1343	-0.360	1.071
1344	-0.906	1.137
1345	-0.472	1.145
1346	-0.656	1.159
1347	-0.738	1.097
1348	-0.886	1.146
1349	-0.843	1.086
1350	-0.636	1.170
1351	-0.595	1.178
1352	-0.553	1.112
1353	-0.434	1.128
1354	-0.762	1.098
1355	-0.672	1.103
1356	-0.693	1.128
1357	-0.636	1.160
1358	-0.456	1.194
1359	-0.629	1.100
1360	-0.676	1.139
1361	-0.595	1.068
1362	-0.332	1.063
1363	-0.619	1.108
1364	-0.761	1.094
1365	-0.552	1.130
1366	-0.458	1.156
1367	-0.748	1.166
1368	-0.497	1.095
1369	-0.328	1.066
1370	-0.860	1.114
1371	-1.109	1.116
1372	-0.751	1.042
1373	-0.415	1.087
1374	-0.195	1.157
1375	-0.713	1.069
1376	-0.936	1.197
1377	-1.031	1.054
1378	-0.606	1.047
1379	-0.166	1.048
1380	-1.012	1.170
1381	-0.472	1.153
1382	-0.562	0.997
1383	-0.730	1.134
1384	-0.589	1.145
1385	-0.474	1.091
1386	-0.872	1.093
1387	-0.744	1.118
1388	-0.623	1.051
1389	-0.538	1.080
1390	-0.876	1.084
1391	-0.279	1.064
1392	-0.585	1.059
1393	-0.527	1.018
1394	-0.666	1.156
1395	-0.700	1.040
1396	-0.476	1.124
1397	-0.369	1.048
1398	-0.772	1.133
1399	-0.665	1.174
1400	-0.855	1.052
1401	-0.779	1.137
1402	-0.460	1.126
1403	-0.526	1.073
1404	-0.606	1.190
1405	-0.779	1.039
1406	-0.364	1.120
1407	-0.550	1.118
1408	-0.884	1.155
1409	-0.778	1.082
1410	-0.586	1.095
1411	-0.590	1.059
1412	-0.802	1.139
1413	-0.575	1.131
1414	-0.818	1.078
1415	-0.299	1.155
1416	-0.258	1.104
1417	-0.414	1.119
1418	-0.348	1.091
1419	-0.663	1.136
1420	-0.736	1.047
1421	-0.674	1.086
1422	-0.324	1.129
1423	-0.532	1.094
1424	-0.163	1.109
1425	-0.722	1.046
1426	-0.678	1.133
1427	-0.705	1.113
1428	-0.588	1.092
1429	-0.577	1.152
1430	-0.613	1.123
1431	-0.756	1.072
1432	-0.579	1.238
1433	-0.619	1.145
1434	-0.677	1.057
1435	-0.792	1.143
1436	-0.938	1.115
1437	-0.599	1.096
1438	-0.393	1.016
1439	-0.668	1.106
1440	-0.878	1.085
1441	-0.844	1.091
1442	-0.529	1.086
1443	-0.428	1.063
1444	-0.575	1.161
1445	-0.504	1.168
1446	-0.403	1.057
1447	-0.626	1.046
1448	-0.776	1.109
1449	-0.472	1.049
1450	-0.565	1.029
1451	-1.187	1.174
1452	-0.678	1.049
1453	-0.756	1.137
1454	-0.619	1.149
1455	-0.510	1.116
1456	-0.453	1.194
1457	-0.477	1.103
1458	-0.722	1.092
1459	-0.766	1.068
1460	-0.563	1.159
1461	-0.255	1.072
1462	-0.453	1.152
1463	-0.528	1.156
1464	-0.647	1.122
1465	-0.596	1.149
1466	-0.619	1.143
1467	-0.776	1.098
1468	-0.725	1.144
1469	-0.571	1.086
1470	-0.523	1.154
1471	-0.497	1.035
1472	-0.257	1.114
1473	-0.786	1.061
1474	-0.765	1.199
1475	-0.675	1.050
1476	-0.826	1.168
1477	-0.578	1.051
1478	-0.483	1.198
1479	-0.668	1.021
1480	-0.417	1.091
1481	-0.626	1.121
1482	-0.612	1.120
1483	-0.648	1.138
1484	-0.790	1.158
1485	-0.538	1.088
1486	-0.782	1.088
1487	-0.592	1.107
1488	-0.906	1.145
1489	-0.405	1.079
1490	-0.816	1.191
1491	-0.806	1.135
1492	-0.739	1.088
1493	-0.717	1.091
1494	-0.347	1.138
1495	-0.436	1.105
1496	-0.751	1.166
1497	-0.874	1.120
1498	-0.776	1.113
1499	-0.397	1.214
1500	-0.481	1.129
1501	-0.756	1.171
1502	-0.550	1.103
1503	-0.805	1.143
1504	-0.654	1.139
1505	-0.814	1.105
1506	-0.551	1.073
1507	-0.968	1.065
1508	-0.475	1.143
1509	-0.723	1.013
1510	-0.636	1.181
1511	-1.126	1.233
1512	-0.557	1.091
1513	-0.737	1.188
1514	-0.580	1.089
1515	-0.396	1.156
1516	-0.633	1.149
1517	-0.574	1.137
1518	-0.457	1.152
1519	-0.651	1.117
1520	-0.464	1.117
1521	-0.704	1.103
1522	-0.652	1.015
1523	-0.657	1.097
1524	-0.299	1.100
1525	-0.425	1.110
1526	-0.618	1.158
1527	-0.638	1.089
1528	-0.634	1.079
1529	-0.676	1.100
1530	-0.561	1.140
1531	-0.579	1.153
1532	-0.480	1.111
1533	-0.576	1.088
1534	-0.593	1.041
1535	-1.249	1.072
1536	-0.461	1.190
1537	-0.953	1.104
1538	-0.393	1.047
1539	-0.502	1.139
1540	-0.639	1.097
1541	-1.001	1.120
1542	-0.380	1.031
1543	-0.829	1.168
1544	-0.792	0.994
1545	-0.826	1.170
1546	-0.616	1.175
1547	-0.799	1.070
1548	-0.243	1.127
1549	-0.233	1.208
1550	-0.297	1.115
1551	-0.369	1.152
1552	-0.709	1.098
1553	-0.227	1.101
1554	-1.069	1.077
1555	-0.877	1.111
1556	-0.678	1.109
1557	-0.748	1.037
1558	-0.394	1.027
1559	-0.360	1.073
1560	-0.565	1.120
1561	-0.815	1.124
1562	-0.507	1.053
1563	-0.473	1.155
1564	-0.307	1.167
1565	-0.678	1.147
1566	-0.612	1.096
1567	-0.791	1.050
1568	-0.130	1.146
1569	-0.764	1.123
1570	-0.778	1.091
1571	-0.579	1.117
1572	-0.655	1.123
1573	-0.764	1.089
1574	-0.756	1.154
1575	-0.495	1.093
1576	-0.777	1.217
1577	-0.635	1.166
1578	-0.565	1.089
1579	-0.826	1.074
1580	-0.550	1.062
1581	-0.337	1.063
1582	-0.809	1.079
1583	-0.271	1.093
1584	-0.741	1.058
1585	-0.750	1.076
1586	-0.787	1.051
1587	-0.310	1.075
1588	-0.917	1.056
1589	-0.701	1.077
1590	-0.552	1.190
1591	-0.737	1.136
1592	-1.134	1.122
1593	-0.754	1.095
1594	-0.609	1.109
1595	-0.075	1.143
1596	-0.911	1.105
1597	-0.569	1.120
1598	-0.450	1.168
1599	-0.836	1.072
1600	-0.572	1.079
1601	-0.932	1.133
1602	-0.462	1.078
1603	-0.222	1.024
1604	-0.660	1.094
1605	-0.753	1.090
1606	-0.776	1.062
1607	-0.705	1.025
1608	-0.672	1.121
1609	-0.622	1.087
1610	-0.575	1.192
1611	-0.526	1.153
1612	-0.702	1.102
1613	-0.462	1.030
1614	-0.856	1.155
1615	-0.591	1.197
1616	-0.394	1.164
1617	-0.591	1.236
1618	-0.681	1.140
1619	-0.587	1.081
1620	-0.371	1.149
1621	-0.683	1.069
1622	-0.718	1.105
1623	-0.686	1.211
1624	-0.602	1.079
1625	-0.815	1.103
1626	-0.953	1.120
1627	-0.435	1.113
1628	-0.452	1.216
1629	-0.553	1.161
1630	-0.894	1.104
1631	-0.510	1.150
1632	-0.717	1.060
1633	-0.491	1.158
1634	-0.154	1.124
1635	-0.599	1.022
1636	-0.470	1.048
1637	-0.777	1.169
1638	-0.736	1.148
1639	-0.886	1.135
1640	-0.958	1.167
1641	-0.895	1.085
1642	-0.668	1.139
1643	-0.363	1.093
1644	-0.818	1.171
1645	-0.359	1.142
1646	-0.624	1.056
1647	-0.621	1.119
1648	-0.670	1.087
1649	-0.373	1.108
1650	-0.255	1.147
1651	-0.584	1.128
1652	-0.830	1.041
1653	-0.878	1.082
1654	-0.672	1.187
1655	-0.402	1.127
1656	-0.772	1.140
1657	-0.709	1.095
1658	-0.293	1.006
1659	-0.446	1.138
1660	-0.717	1.135
1661	-0.703	1.035
1662	-0.894	1.119
1663	-0.436	1.114
1664	-0.870	1.106
1665	-0.641	1.160
1666	-0.397	1.112
1667	-0.425	1.101
1668	-0.604	1.099
1669	-0.220	1.085
1670	-0.216	1.016
1671	-0.727	1.106
1672	-0.704	1.077
1673	-0.538	1.052
1674	-0.157	1.141
1675	-0.810	1.110
1676	-0.312	1.159
1677	-0.598	1.026
1678	-0.412	1.126
1679	-0.776	1.118
1680	-0.964	0.961
1681	-0.484	1.133
1682	-0.593	1.038
1683	-0.272	1.106
1684	-0.519	1.114
1685	-0.738	1.091
1686	-0.558	1.093
1687	-0.711	1.107
1688	-0.868	1.065
1689	-0.818	1.084
1690	-0.730	1.111
1691	-0.738	1.100
1692	-0.821	1.074
1693	-0.430	1.126
1694	-0.527	1.061
1695	-1.072	1.071
1696	-0.642	1.094
1697	-0.627	1.213
1698	-0.601	1.072
1699	-0.389	1.086
1700	-0.514	1.121
1701	-0.665	1.135
1702	-0.736	1.058
1703	-0.584	1.080
1704	-0.790	1.094
1705	-0.569	1.167
1706	-0.650	1.111
1707	-0.889	1.183
1708	-0.706	1.162
1709	-0.618	1.064
1710	-1.001	1.064
1711	-0.803	1.033
1712	-0.032	1.086
1713	-0.613	1.090
1714	-0.730	1.135
1715	-0.732	1.021
1716	-0.762	1.057
1717	-0.661	1.188
1718	-0.446	1.089
1719	-0.328	1.094
1720	-0.595	1.077
1721	-0.981	1.203
1722	-0.792	1.079
1723	-0.137	1.074
1724	-0.367	1.087
1725	-0.260	1.149
1726	-0.724	1.112
1727	-0.694	1.131
1728	-0.676	1.023
1729	-0.429	1.076
1730	-0.789	1.134
1731	-0.450	1.077
1732	-0.516	1.078
1733	-0.254	1.137
1734	-0.542	1.139
1735	-0.818	1.159
1736	-0.527	1.113
1737	-0.632	1.182
1738	-0.826	1.140
1739	-0.263	1.153
1740	-0.787	1.066
1741	-0.612	1.067
1742	-0.558	1.169
1743	-1.022	1.105
1744	-0.354	1.116
1745	-0.686	1.150
1746	-0.588	1.082
1747	-0.758	1.072
1748	-0.784	1.084
1749	-0.567	1.133
1750	-0.426	1.105
1751	-0.195	1.074
1752	-0.420	1.195
1753	-0.418	1.169
1754	-0.368	1.087
1755	-0.377	1.176
1756	-0.636	1.084
1757	-0.424	1.180
1758	-0.261	1.121
1759	-0.733	1.117
1760	-0.908	1.155
1761	-0.710	1.184
1762	-0.618	1.061
1763	-0.590	1.088
1764	-0.427	1.058
1765	-0.379	1.143
1766	-0.462	1.064
1767	-0.542	1.110
1768	-0.489	1.158
1769	-0.613	1.151
1770	-0.888	1.140
1771	-0.650	1.100
1772	-0.474	1.073
1773	-0.591	1.146
1774	-0.608	1.131
1775	-0.528	1.162
1776	-0.756	1.051
1777	-0.546	1.124
1778	-0.764	1.160
1779	-0.612	1.078
1780	-0.505	1.087
1781	-0.621	1.088
1782	-0.652	1.104
1783	-0.556	1.069
1784	-0.834	0.989
1785	-0.689	1.061
1786	-0.461	1.160
1787	-0.688	1.119
1788	-0.627	1.089
1789	-0.428	1.054
1790	-1.098	1.114
1791	-0.334	1.045
1792	-0.647	1.195
1793	-0.646	1.199
1794	-0.773	1.160
1795	-0.556	1.133
1796	-0.654	1.141
1797	-0.519	1.132
1798	-0.274	1.099
1799	-0.342	1.048
1800	-0.961	1.167
1801	-1.029	1.148
1802	-0.678	1.149
1803	-0.416	1.073
1804	-0.640	1.144
1805	-0.634	1.186
1806	-1.002	1.123
1807	-0.499	1.109
1808	-0.247	1.115
1809	-0.851	1.023
1810	-0.909	1.077
1811	-0.758	1.094
1812	-0.732	1.063
1813	-0.423	1.106
1814	-0.978	1.148
1815	-1.108	1.107
1816	-0.533	1.090
1817	-0.819	1.113
1818	-0.650	1.022
1819	-0.736	1.144
1820	-0.587	1.185
1821	-0.771	1.083
1822	-1.010	1.165
1823	-0.628	1.141
1824	-0.983	1.157
1825	-0.748	1.172
1826	-0.882	1.049
1827	-0.749	1.059
1828	-0.600	1.147
1829	-0.818	1.062
1830	-0.631	1.075
1831	-0.671	0.991
1832	-0.544	1.093
1833	-0.942	1.093
1834	-0.508	1.112
1835	-0.650	1.079
1836	-0.362	1.093
1837	-0.523	1.112
1838	-0.464	1.124
1839	-0.292	1.109
1840	-0.520	1.137
1841	-0.528	1.108
1842	-0.988	1.048
1843	-0.928	1.157
1844	-0.704	1.150
1845	-0.946	1.127
1846	-0.726	1.210
1847	-0.589	1.098
1848	-0.585	1.202
1849	-0.710	1.095
1850	-0.568	1.161
1851	-0.375	1.087
1852	-0.241	1.049
1853	-0.719	1.131
1854	-0.627	1.040
1855	-0.353	1.124
1856	-0.220	1.163
1857	-0.506	1.071
1858	-0.518	1.109
1859	-0.550	1.083
1860	-0.790	1.231
1861	-0.700	1.091
1862	-0.577	1.125
1863	-0.891	1.109
1864	-0.868	1.147
1865	-0.622	1.020
1866	-0.854	1.076
1867	-0.625	1.143
1868	-0.409	1.146
1869	-0.599	1.108
1870	-0.914	1.152
1871	-0.557	1.100
1872	-0.764	1.200
1873	-0.339	1.083
1874	-1.019	1.169
1875	-1.011	1.116
1876	-0.801	1.162
1877	-0.530	1.107
1878	-0.378	1.078
1879	-0.903	1.128
1880	-0.649	1.121
1881	-0.655	1.123
1882	-0.488	1.175
1883	-0.723	1.186
1884	-0.947	1.079
1885	-0.625	1.167
1886	-0.614	1.111
1887	-0.098	1.190
1888	-0.284	1.027
1889	-0.728	1.008
1890	-0.427	1.125
1891	-0.489	1.080
1892	-0.429	1.104
1893	-0.353	1.105
1894	-0.131	1.141
1895	-0.608	1.082
1896	-0.465	1.157
1897	-0.441	1.151
1898	-0.426	1.014
1899	-0.912	1.085
1900	-0.713	1.134
1901	-0.922	1.136
1902	-0.856	1.098
1903	-0.588	1.049
1904	-0.458	1.090
1905	-0.388	1.135
1906	-0.468	1.113
1907	-0.526	1.085
1908	-0.493	1.098
1909	-0.645	1.097
1910	-0.679	1.106
1911	-0.652	1.084
1912	-0.485	1.074
1913	-0.290	1.123
1914	-0.935	1.095
1915	-0.652	1.089
1916	-0.678	1.084
1917	-0.630	1.109
1918	-0.387	1.164
1919	-0.758	1.110
1920	-0.428	1.222
1921	-0.323	1.083
1922	-0.500	1.074
1923	-0.385	1.153
1924	-0.583	1.093
1925	-0.679	1.093
1926	-0.675	1.160
1927	-0.839	1.072
1928	-0.976	1.112
1929	-0.837	1.158
1930	-0.491	1.139
1931	-0.565	1.162
1932	-0.808	1.155
1933	-0.685	1.066
1934	-0.462	1.105
1935	-0.840	1.103
1936	-0.724	1.169
1937	-0.294	1.072
1938	-0.636	1.105
1939	-0.728	1.067
1940	-0.636	1.160
1941	-0.580	1.139
1942	-0.421	1.066
1943	-0.687	1.034
1944	-0.474	1.151
1945	-0.316	1.088
1946	-0.607	1.108
1947	-0.319	1.102
1948	-0.967	1.088
1949	-0.783	1.132
1950	-0.709	1.150
1951	-0.933	1.153
1952	-0.665	1.049
1953	-0.841	1.047
1954	-0.440	1.094
1955	-0.717	1.083
1956	-0.451	1.142
1957	-0.684	1.164
1958	-0.565	1.104
1959	-0.814	1.061
1960	-0.335	1.156
1961	-0.556	1.152
1962	-0.677	1.112
1963	-0.627	1.051
1964	-0.769	1.117
1965	-0.367	1.106
1966	-0.513	1.149
1967	-0.697	1.141
1968	-0.790	1.163
1969	-0.278	1.108
1970	-0.506	1.070
1971	-0.647	1.020
1972	-0.768	1.041
1973	-0.563	1.095
1974	-0.426	1.167
1975	-0.659	1.116
1976	-0.565	1.157
1977	-0.417	1.082
1978	-0.555	1.028
1979	-0.670	1.158
1980	-0.813	1.119
1981	-0.810	1.110
1982	-0.328	1.161
1983	-0.872	1.208
1984	-0.594	1.098
1985	-0.538	1.097
1986	-0.724	1.092
1987	-0.709	1.109
1988	-0.286	1.048
1989	-0.619	1.134
1990	-0.412	1.185
1991	-0.667	1.094
1992	-0.567	1.138
1993	-0.620	1.108
1994	-0.756	1.142
1995	-0.972	1.100
1996	-0.756	1.160
1997	-0.754	1.094
1998	-0.469	1.152
1999	-0.563	1.160
2000	-0.523	1.034
2001	-1.011	1.176
2002	-0.755	1.140
2003	-0.829	1.044
2004	-0.473	1.084
2005	-0.727	1.138
2006	-0.374	1.080
2007	-1.293	1.180
2008	-0.563	1.040
2009	-0.467	1.025
2010	-0.744	1.094
2011	-0.853	1.027
2012	-0.702	1.095
2013	-0.790	1.129
2014	-0.414	1.102
2015	-0.659	1.117
2016	-0.831	1.106
2017	-0.781	1.150
2018	-1.000	1.102
2019	-0.963	1.110
2020	-0.860	1.094
2021	-0.573	1.063
2022	-0.807	1.182
2023	-0.664	1.065
2024	-0.770	1.089
2025	-0.716	1.152
2026	-0.946	1.119
2027	-0.574	1.118
2028	-0.430	1.084
2029	-0.370	1.117
2030	-0.687	1.050
2031	-0.681	1.095
2032	-0.672	1.177
2033	-0.914	1.205
2034	-0.449	1.077
2035	-0.710	1.089
2036	-0.687	1.136
2037	-0.903	1.187
2038	-0.253	1.105
2039	-0.725	1.180
2040	-0.953	1.144
2041	-0.613	1.127
2042	-0.462	1.020
2043	-0.625	1.102
2044	-0.642	1.025
2045	-0.424	1.090
2046	-0.742	1.202
2047	-0.077	1.104
2048	-0.693	1.070
2049	-0.409	1.145
2050	-0.920	1.059
2051	-0.797	1.132
2052	-0.519	1.083
2053	-0.222	1.172
2054	-0.614	1.091
2055	-0.668	1.100
2056	-0.896	1.112
2057	-0.718	1.056
2058	-0.542	1.101
2059	-0.567	1.111
2060	-0.308	1.079
2061	-0.816	1.172
2062	-0.582	1.146
2063	-0.850	1.085
2064	-0.866	1.159
2065	-0.907	1.085
2066	-0.360	1.064
2067	-1.094	1.114
2068	-0.457	1.018
2069	-0.425	1.098
2070	-0.357	1.036
2071	-0.771	1.090
2072	-0.643	1.205
2073	-0.396	1.107
2074	-0.432	1.091
2075	-0.420	1.086
2076	-1.090	1.116
2077	-0.775	1.069
2078	-0.352	1.125
2079	-0.957	1.086
2080	-0.767	1.103
2081	-0.555	1.079
2082	-0.691	1.105
2083	-0.613	1.081
2084	-0.549	1.122
2085	-0.713	1.078
2086	-0.930	1.111
2087	-0.537	1.067
2088	-0.500	1.076
2089	-0.590	1.130
2090	-0.931	1.155
2091	-0.417	1.083
2092	-0.507	1.025
2093	-0.814	1.122
2094	-0.248	1.102
2095	-0.552	1.158
2096	-0.699	1.080
2097	-0.343	1.149
2098	-0.760	1.158
2099	-0.702	1.186
2100	-0.808	1.077
2101	-0.545	1.106
2102	-0.669	1.115
2103	-0.744	1.128
2104	-0.566	1.128
2105	-0.209	1.208
2106	-0.390	1.145
2107	-0.658	1.163
2108	-1.037	1.078
2109	-0.706	1.156
2110	-0.594	1.129
2111	-0.543	1.067
2112	-0.258	1.089
2113	-0.141	1.098
2114	-0.582	1.127
2115	-0.449	1.089
2116	-0.294	1.130
2117	-0.494	1.056
2118	-0.882	1.163
2119	-0.607	1.120
2120	-0.708	1.075
2121	-0.802	1.102
2122	-0.596	1.057
2123	-0.984	1.087
2124	-0.372	1.163
2125	-0.577	1.113
2126	-0.545	1.143
2127	-0.775	1.146
2128	-0.376	1.053
2129	-0.489	1.109
2130	-0.634	1.110
2131	-0.645	1.000
2132	-0.528	1.089
2133	-0.854	1.111
2134	-0.369	1.072
2135	-0.617	1.172
2136	-0.675	1.113
2137	-0.546	1.139
2138	-0.497	1.149
2139	-0.530	1.042
2140	-0.528	1.078
2141	-0.156	1.045
2142	-0.673	1.228
2143	-0.555	1.093
2144	-1.061	1.133
2145	-0.307	1.108
2146	-0.477	1.096
2147	-0.740	1.060
2148	-0.526	1.137
2149	-0.595	1.112
2150	-0.344	1.084
2151	-0.363	1.179
2152	-0.516	1.138
2153	-0.421	1.033
2154	-0.732	1.116
2155	-0.836	1.073
2156	-0.651	1.062
2157	-0.801	1.117
2158	-0.766	1.066
2159	-0.834	1.102
2160	-0.494	1.095
2161	-0.869	1.143
2162	-0.910	1.162
2163	-0.691	1.103
2164	-0.525	1.073
2165	-0.363	1.121
2166	-0.413	1.075
2167	-0.591	1.099
2168	-0.651	1.166
2169	-0.789	1.081
2170	-0.568	1.196
2171	-0.579	1.098
2172	-0.614	1.142
2173	-0.823	1.137
2174	-0.498	1.160
2175	-0.455	1.200
2176	-0.546	1.142
2177	-0.642	1.083
2178	-0.631	1.199
2179	-0.685	1.152
2180	-0.738	1.118
2181	-0.553	1.111
2182	-0.689	1.169
2183	-0.490	1.074
2184	-0.370	1.182
2185	-0.461	1.146
2186	-0.663	1.121
2187	-0.451	1.127
2188	-0.627	1.072
2189	-0.814	1.106
2190	-0.683	1.130
2191	-0.566	1.101
2192	-0.412	1.097
2193	-0.761	1.126
2194	-0.583	1.097
2195	-0.865	0.975
2196	-0.703	1.118
2197	-0.854	1.148
2198	-0.488	1.128
2199	-0.861	1.142
2200	-0.485	1.059
2201	-0.669	1.127
2202	-0.514	1.038
2203	-0.888	1.094
2204	-0.496	1.154
2205	-0.603	1.083
2206	-0.793	1.113
2207	-0.324	1.043
2208	-0.386	1.099
2209	-0.726	1.169
2210	-0.492	1.052
2211	-0.735	1.134
2212	-0.124	1.148
2213	-0.609	1.142
2214	-0.807	1.143
2215	-0.902	1.219
2216	-0.623	1.108
2217	-0.373	1.133
2218	-0.364	1.060
2219	-0.378	1.087
2220	-1.041	1.085
2221	-0.333	1.116
2222	-0.608	1.165
2223	-0.652	1.103
2224	-0.364	1.145
2225	-0.838	1.118
2226	-0.629	1.081
2227	-0.914	1.160
2228	-0.797	1.106
2229	-0.447	1.106
2230	-1.098	1.092
2231	-0.622	1.103
2232	-0.539	1.057
2233	-1.102	1.116
2234	-0.744	1.081
2235	-0.512	1.112
2236	-0.706	1.082
2237	-0.825	1.075
2238	-0.457	1.038
2239	-1.019	1.111
2240	-0.927	1.074
2241	-0.790	1.109
2242	-1.058	1.173
2243	-0.458	1.106
2244	-0.685	1.107
2245	-0.351	1.135
2246	-0.556	1.161
2247	-0.630	1.110
2248	-0.532	0.994
2249	-0.641	1.092
2250	-0.482	1.066
2251	-0.499	1.149
2252	-0.443	1.143
2253	-0.373	1.210
2254	-0.525	1.139
2255	-0.521	1.145
2256	-0.658	1.146
2257	-1.063	1.070
2258	-0.561	1.052
2259	-0.584	1.130
2260	-0.873	1.111
2261	-0.543	1.099
2262	-0.778	1.089
2263	-0.858	1.078
2264	-0.545	1.092
2265	-0.807	1.102
2266	-0.771	1.132
2267	-0.991	1.091
2268	-0.689	1.150
2269	-1.006	1.167
2270	-1.000	1.188
2271	-0.293	1.111
2272	-0.506	1.147
2273	-0.671	1.131
2274	-0.430	1.064
2275	-0.621	1.202
2276	-0.573	1.081
2277	-0.400	1.117
2278	-0.729	1.131
2279	-0.328	1.112
2280	-0.629	1.142
2281	-0.772	1.163
2282	-0.456	1.084
2283	-0.533	1.153
2284	-0.715	1.158
2285	-0.898	1.093
2286	-0.711	1.068
2287	-0.752	1.173
2288	-0.245	1.115
2289	-0.902	1.045
2290	-0.518	1.132
2291	-0.838	1.070
2292	-1.013	1.232
2293	-0.557	1.176
2294	-0.549	1.107
2295	-0.283	1.069
2296	-0.708	1.108
2297	-0.725	1.137
2298	-0.371	1.156
2299	-0.676	1.066
2300	-0.950	1.061
2301	-0.846	1.197
2302	-0.389	1.085
2303	-0.477	1.106
2304	-0.405	1.090
2305	-0.498	1.142
2306	-0.706	1.075
2307	-0.277	1.104
2308	-0.902	1.131
2309	-0.868	1.138
2310	-0.832	1.075
2311	-0.549	1.137
2312	-0.624	1.053
2313	-0.542	1.133
2314	-0.740	1.108
2315	-0.081	1.059
2316	-0.722	1.064
2317	-0.717	1.098
2318	-0.603	1.190
2319	-0.730	1.119
2320	-0.751	1.147
2321	-0.883	1.176
2322	-0.561	1.087
2323	-0.973	1.079
2324	-0.452	1.078
2325	-0.872	1.124
2326	-0.522	1.138
2327	-0.527	1.094
2328	-0.606	1.174
2329	-0.638	1.117
2330	-0.816	1.156
2331	-0.890	1.101
2332	-0.345	1.085
2333	-0.286	1.111
2334	-0.438	1.125
2335	-0.642	1.050
2336	-0.527	1.068
2337	-0.401	0.971
2338	-0.697	1.097
2339	-0.699	1.026
2340	-0.632	1.096
2341	-0.814	1.089
2342	-0.287	1.106
2343	-0.416	1.075
2344	-0.177	1.169
2345	-0.552	1.139
2346	-0.708	1.167
2347	-0.627	1.195
2348	-0.125	1.084
2349	-0.597	1.069
2350	-0.486	1.062
2351	-0.302	1.090
2352	-0.694	1.168
2353	-0.474	1.117
2354	-0.948	1.145
2355	-0.406	1.070
2356	-0.094	1.114
2357	-0.807	1.138
2358	-0.913	1.196
2359	-0.381	1.139
2360	-0.768	1.074
2361	-0.547	1.123
2362	-0.305	1.143
2363	-0.521	1.064
2364	-0.343	1.122
2365	-0.699	1.132
2366	-0.182	1.018
2367	-0.714	1.072
2368	-0.453	1.145
2369	-0.891	1.120
2370	-0.990	1.201
2371	-0.676	1.128
2372	-0.442	1.125
2373	-0.514	1.157
2374	-0.573	1.095
2375	-0.367	1.164
2376	-0.830	1.110
2377	-0.457	1.138
2378	-0.599	1.083
2379	-0.819	1.120
2380	-0.531	1.073
2381	-0.469	1.148
2382	-0.452	1.204
2383	-0.744	1.065
2384	-0.514	1.089
2385	-0.925	1.139
2386	-0.495	1.105
2387	-0.581	1.059
2388	-0.596	1.149
2389	-0.480	1.156
2390	-0.401	1.133
2391	-0.339	1.086
2392	-0.428	1.165
2393	-0.682	1.086
2394	-0.459	1.133
2395	-0.713	1.146
2396	-0.565	1.173
2397	-0.617	1.085
2398	-0.666	1.123
2399	-0.494	1.037
2400	-0.625	1.169
2401	-0.574	1.145
2402	-0.117	1.197
2403	-0.499	1.022
2404	-0.744	1.155
2405	-0.639	1.099
2406	-0.508	1.151
2407	-0.750	1.080
2408	-0.510	1.138
2409	-1.019	1.105
2410	-0.876	1.145
2411	-0.595	1.114
2412	-0.886	1.131
2413	-0.965	1.061
2414	-0.679	1.048
2415	-0.706	1.183
2416	-0.471	1.105
2417	-0.417	1.052
2418	-0.604	1.081
2419	-0.609	1.059
2420	-0.628	1.116
2421	-0.828	1.128
2422	-0.893	1.117
2423	-0.842	1.024
2424	-0.743	1.048
2425	-0.483	1.020
2426	-0.175	1.100
2427	-0.423	1.026
2428	-0.815	1.127
2429	-0.389	1.031
2430	-0.546	1.104
2431	-0.846	1.089
2432	-0.514	1.149
2433	-1.016	1.068
2434	-0.914	1.101
2435	-0.383	1.175
2436	-0.308	1.209
2437	-0.792	1.125
2438	-0.721	1.171
2439	-0.626	1.119
2440	-0.685	1.154
2441	-0.600	1.165
2442	-0.416	1.189
2443	-0.533	1.061
2444	-0.158	1.138
2445	-0.983	1.079
2446	-0.413	1.118
2447	-0.558	1.107
2448	-0.686	1.024
2449	-0.724	1.070
2450	-0.710	1.100
2451	-0.524	1.174
2452	-0.422	1.094
2453	-0.629	1.096
2454	-0.872	1.139
2455	-0.610	1.128
2456	-0.676	1.147
2457	-0.272	1.153
2458	-0.736	1.107
2459	-0.466	1.107
2460	-0.892	1.124
2461	-0.626	1.077
2462	-0.816	1.149
2463	-0.781	1.137
2464	-0.488	1.084
2465	-0.361	1.050
2466	-0.299	1.048
2467	-0.183	1.178
2468	-0.634	1.159
2469	-0.477	1.096
2470	-0.897	1.098
2471	-0.362	1.147
2472	-0.831	1.119
2473	-0.658	1.117
2474	-0.563	1.113
2475	-0.349	1.130
2476	-0.540	1.114
2477	-0.986	1.067
2478	-0.655	1.116
2479	-0.826	1.102
2480	-0.494	1.136
2481	-0.381	1.105
2482	-0.101	1.080
2483	-0.449	1.116
2484	-0.426	1.115
2485	-0.572	1.057
2486	-0.338	1.172
2487	-0.568	1.113
2488	-0.772	1.109
2489	0.026	1.106
2490	-0.463	1.215
2491	-0.605	1.133
2492	-0.503	1.156
2493	-0.693	1.124
2494	-0.807	1.109
2495	-0.736	1.201
2496	-0.620	1.125
2497	-0.623	1.151
2498	-0.802	1.116
2499	-0.596	1.101
2500	-0.683	1.106
2501	-0.671	1.208
2502	-0.619	1.095
2503	-0.628	1.106
2504	-1.119	1.026
2505	-0.607	1.085
2506	-0.946	1.129
2507	-0.700	1.051
2508	-1.043	1.092
2509	-0.473	1.171
2510	-0.452	1.086
2511	-0.214	1.158
2512	-0.447	1.169
2513	-0.476	1.080
2514	-0.576	1.117
2515	-0.579	1.137
2516	-0.777	1.168
2517	-0.289	1.090
2518	-0.329	1.133
2519	-0.768	1.097
2520	-0.967	1.184
2521	-0.677	1.096
2522	-0.387	1.123
2523	-0.463	1.078
2524	-0.692	1.195
2525	-0.678	1.133
2526	-0.728	1.189
2527	-0.695	1.109
2528	-0.723	1.062
2529	-1.060	1.042
2530	-0.414	1.138
2531	-0.441	1.159
2532	-0.540	1.186
2533	-0.748	1.079
2534	-0.540	1.123
2535	-0.680	1.089
2536	-0.317	1.090
2537	-0.765	1.141
2538	-0.834	1.113
2539	-0.809	1.068
2540	-0.638	1.069
2541	-0.534	1.204
2542	-0.782	1.158
2543	-0.790	1.211
2544	-0.728	1.117
2545	-0.763	1.113
2546	-0.526	1.162
2547	-0.378	1.191
2548	-0.375	1.087
2549	-0.814	1.170
2550	-0.926	1.053
2551	-0.421	1.208
2552	-0.647	1.110
2553	-0.393	1.032
2554	-1.041	1.152
2555	-0.443	1.104
2556	-0.567	1.161
2557	-0.606	1.067
2558	-0.621	1.096
2559	-0.537	1.102
2560	-0.557	1.070
2561	-0.821	1.119
2562	-1.017	1.120
2563	-0.284	1.088
2564	-0.662	1.083
2565	-0.834	1.095
2566	-0.233	1.127
2567	-0.525	1.174
2568	-0.404	1.122
2569	-0.660	1.076
2570	-0.322	1.091
2571	-0.478	1.065
2572	-0.367	1.042
2573	-0.353	1.129
2574	-0.488	1.095
2575	-0.147	1.027
2576	-0.282	1.135
2577	-0.447	1.061
2578	-0.847	1.026
2579	-0.687	1.071
2580	-0.843	1.102
2581	-0.111	1.080
2582	-0.478	1.008
2583	-0.603	1.134
2584	-0.630	1.103
2585	-0.728	1.164
2586	-0.286	1.133
2587	-0.991	1.098
2588	-0.716	1.113
2589	-0.785	1.089
2590	-0.661	1.102
2591	-0.771	1.122
2592	-0.702	1.134
2593	-0.795	1.098
2594	-0.887	1.106
2595	-0.524	1.059
2596	-0.358	1.154
2597	-0.712	1.121
2598	-0.469	1.128
2599	-0.582	1.089
2600	-0.184	1.108
2601	-0.581	1.134
2602	-0.688	1.156
2603	-0.826	1.125
2604	-0.687	1.101
2605	-0.606	1.093
2606	-0.628	1.042
2607	-0.506	1.135
2608	-0.606	1.073
2609	-0.698	1.128
2610	-0.949	1.163
2611	-0.847	1.080
2612	-0.542	1.073
2613	-0.958	1.061
2614	-0.478	1.093
2615	-0.798	1.072
2616	-0.689	1.127
2617	-0.314	1.070
2618	-0.696	1.131
2619	-0.516	1.111
2620	-0.826	1.163
2621	-0.283	1.089
2622	-0.541	1.157
2623	-0.448	1.068
2624	-0.465	1.070
2625	-0.282	1.207
2626	-0.908	1.159
2627	-0.979	1.115
2628	-0.989	1.115
2629	-0.165	1.114
2630	-0.879	1.167
2631	-0.552	1.122
2632	-0.510	1.058
2633	-0.508	1.059
2634	-0.104	1.108
2635	-0.655	1.089
2636	-0.445	1.020
2637	-0.734	1.084
2638	-0.726	1.153
2639	-0.666	1.032
2640	-0.759	1.153
2641	-0.764	1.070
2642	-0.631	1.054
2643	-0.782	1.099
2644	-0.622	1.012
2645	-0.734	1.047
2646	-0.863	1.077
2647	-0.685	1.126
2648	-0.605	1.088
2649	-0.794	1.004
2650	-0.310	1.237
2651	-0.674	1.230
2652	-0.520	1.121
2653	-0.710	1.124
2654	-0.493	1.141
2655	-0.734	1.083
2656	-0.289	1.091
2657	-0.653	1.107
2658	-0.567	1.140
2659	-0.290	1.113
2660	-0.839	1.062
2661	-0.745	1.129
2662	-0.330	1.170
2663	-0.878	1.128
2664	-0.863	1.127
2665	-0.602	1.058
2666	-0.496	1.115
2667	-0.831	1.112
2668	-0.500	1.108
2669	-0.237	1.059
2670	-0.640	1.121
2671	-0.366	1.132
2672	-0.286	1.127
2673	-0.657	1.012
2674	-0.304	1.155
2675	-0.718	1.109
2676	-0.646	1.129
2677	-0.521	1.142
2678	-0.564	1.062
2679	-1.002	1.069
2680	-0.612	1.102
2681	-0.550	1.045
2682	-0.505	1.153
2683	-0.380	1.156
2684	-0.463	1.136
2685	-0.522	1.091
2686	-0.859	1.111
2687	-0.294	1.073
2688	-0.703	1.164
2689	-0.588	1.078
2690	-0.488	1.127
2691	-0.653	1.099
2692	-0.378	1.146
2693	-0.884	1.078
2694	-0.627	1.107
2695	-1.014	1.155
2696	-0.587	1.104
2697	-0.791	1.093
2698	-0.314	1.101
2699	-0.461	1.123
2700	-0.357	1.126
2701	-0.252	1.180
2702	-0.695	1.103
2703	-0.574	1.105
2704	-1.034	1.059
2705	-0.972	1.093
2706	-0.468	1.096
2707	-0.703	1.137
2708	-0.420	1.119
2709	-0.685	1.148
2710	-0.387	1.171
2711	-1.134	1.161
2712	-0.688	1.165
2713	-0.647	1.106
2714	-0.710	1.053
2715	-0.813	1.068
2716	-0.587	1.121
2717	-0.682	1.158
2718	-0.405	1.129
2719	-0.616	1.123
2720	-0.418	1.177
2721	-0.483	1.165
2722	-0.587	1.109
2723	-0.340	1.142
2724	-0.551	1.067
2725	-0.664	1.105
2726	-0.486	1.134
2727	-0.405	1.225
2728	-0.844	1.069
2729	-0.926	1.123
2730	-0.382	1.142
2731	-0.515	1.138
2732	-0.640	1.140
2733	-0.880	1.070
2734	-0.829	1.148
2735	-0.683	1.162
2736	-0.731	1.035
2737	-0.889	1.153
2738	-0.401	1.091
2739	-0.562	1.061
2740	-0.830	1.199
2741	-0.533	1.091
2742	-0.234	1.123
2743	-0.969	1.110
2744	-0.556	1.071
2745	-0.672	1.189
2746	-0.977	1.034
2747	-0.980	1.132
2748	-0.665	1.054
2749	-0.762	1.162
2750	-0.686	1.101
2751	-0.420	1.061
2752	-0.403	1.031
2753	-0.549	1.064
2754	-0.720	1.087
2755	-1.063	1.120
2756	-0.497	1.063
2757	-0.497	1.148
2758	-0.314	1.117
2759	-0.571	1.089
2760	-0.422	1.215
2761	-1.017	1.112
2762	-0.678	1.040
2763	-0.970	1.063
2764	-0.728	1.109
2765	-0.763	1.101
2766	-0.748	1.080
2767	-0.539	1.214
2768	-0.509	1.031
2769	-0.745	1.120
2770	-0.789	1.025
2771	-0.710	1.185
2772	0.009	1.093
2773	-0.322	1.205
2774	-0.776	1.059
2775	-0.494	1.142
2776	-0.616	1.188
2777	-0.445	1.126
2778	-0.907	1.094
2779	-0.780	1.115
2780	-0.764	1.089
2781	-0.899	1.028
2782	-0.639	1.072
2783	-0.805	1.100
2784	-0.206	1.086
2785	-0.565	1.085
2786	-0.733	1.100
2787	-0.884	1.078
2788	-0.811	1.181
2789	-0.926	1.179
2790	-0.584	1.201
2791	-0.143	1.170
2792	-0.560	1.073
2793	-0.479	1.067
2794	-0.487	1.055
2795	-0.657	1.152
2796	-0.716	1.106
2797	-0.703	1.138
2798	-0.501	1.145
2799	-1.021	1.136
2800	-0.507	1.062
2801	-0.315	1.203
2802	-0.679	1.144
2803	-0.452	1.100
2804	-0.637	1.144
2805	-0.283	1.081
2806	-0.811	1.115
2807	-0.637	1.086
2808	-0.853	1.094
2809	-0.440	1.086
2810	-0.434	1.168
2811	-0.478	1.009
2812	-0.854	1.078
2813	-0.716	1.206
2814	-0.586	1.178
2815	-0.777	1.110
2816	-0.681	1.085
2817	-0.606	1.155
2818	-0.543	1.158
2819	-0.759	1.052
2820	-0.352	1.100
2821	-0.645	1.160
2822	-0.373	1.083
2823	-0.497	1.018
2824	-0.862	1.085
2825	-1.028	1.172
2826	-0.708	1.166
2827	-0.422	1.096
2828	-0.646	1.129
2829	-0.143	1.088
2830	-0.587	1.069
2831	-0.746	1.163
2832	-0.472	1.133
2833	-0.450	1.120
2834	-0.523	1.102
2835	-0.731	1.081
2836	-0.730	1.103
2837	-0.400	1.129
2838	-0.566	1.150
2839	-1.016	1.096
2840	-0.786	1.177
2841	-0.581	1.117
2842	-0.543	1.070
2843	-0.683	1.123
2844	-0.830	1.128
2845	-0.643	1.061
2846	-0.522	1.074
2847	-0.333	1.077
2848	-0.856	1.125
2849	-0.665	1.044
2850	-0.960	1.142
2851	-0.548	1.072
2852	-0.718	1.098
2853	-0.437	1.069
2854	-1.105	1.086
2855	-0.896	1.135
2856	-0.809	1.151
2857	-0.626	1.139
2858	-0.309	1.121
2859	-0.415	1.059
2860	-0.337	0.966
2861	-0.616	1.105
2862	-1.120	1.106
2863	-0.597	1.120
2864	-0.591	1.057
2865	-0.348	1.106
2866	-0.625	1.080
2867	-0.771	1.079
2868	-0.469	1.142
2869	-0.440	1.145
2870	-0.546	1.096
2871	-0.869	1.038
2872	-0.723	1.048
2873	-0.295	1.114
2874	-0.573	1.207
2875	-0.245	1.069
2876	-0.440	1.089
2877	-0.288	1.096
2878	-0.436	1.017
2879	-0.846	1.177
2880	-0.685	1.166
2881	-0.622	1.000
2882	-0.491	1.095
2883	-0.549	1.104
2884	-0.360	1.091
2885	-0.595	1.078
2886	-0.241	1.084
2887	-0.411	1.000
2888	-0.719	1.045
2889	-0.546	1.030
2890	-0.537	1.110
2891	-0.929	1.156
2892	-0.671	1.093
2893	-0.871	1.046
2894	-0.733	1.063
2895	-0.427	1.213
2896	-0.663	1.049
2897	-0.776	1.121
2898	-0.420	1.092
2899	-0.631	1.055
2900	-0.633	1.141
2901	-0.919	1.073
2902	-0.777	1.142
2903	-0.985	1.111
2904	-0.386	1.089
2905	-0.814	1.075
2906	-1.009	1.093
2907	-0.758	1.117
2908	-0.646	1.091
2909	-0.727	1.114
2910	-0.623	1.136
2911	-0.768	1.044
2912	-0.582	1.169
2913	-0.631	1.078
2914	-0.749	1.113
2915	-0.665	1.111
2916	-0.828	1.165
2917	-0.742	1.086
2918	-0.623	1.146
2919	-0.572	1.100
2920	-0.305	1.069
2921	-0.691	1.045
2922	-0.396	1.149
2923	-0.630	1.020
2924	-0.618	1.156
2925	-0.598	1.106
2926	-0.726	1.081
2927	-0.983	1.128
2928	-0.183	1.194
2929	-0.612	1.144
2930	-0.306	1.061
2931	-0.727	1.089
2932	-0.998	1.117
2933	-0.581	1.136
2934	-0.703	1.138
2935	-0.918	1.125
2936	-0.685	1.200
2937	-0.339	1.003
2938	-0.904	1.073
2939	-0.454	1.089
2940	-0.428	1.148
2941	-0.503	1.078
2942	-0.310	1.089
2943	-0.524	1.086
2944	-0.305	1.126
2945	-0.662	1.163
2946	-0.743	1.156
2947	-0.952	1.094
2948	-0.783	1.066
2949	-0.558	1.026
2950	-0.737	1.101
2951	-0.618	1.087
2952	-0.678	1.036
2953	-0.448	1.100
2954	-0.666	1.078
2955	0.024	1.133
2956	-0.489	1.039
2957	-0.411	1.185
2958	-0.668	1.143
2959	0.103	1.111
2960	-0.022	1.176
2961	-0.834	1.059
2962	-0.906	1.093
2963	-0.841	1.104
2964	-0.652	1.098
2965	-0.296	1.063
2966	-0.718	1.178
2967	-0.468	1.123
2968	-0.192	1.139
2969	-0.760	1.134
2970	-0.783	1.145
2971	-0.479	1.118
2972	-0.681	1.126
2973	-0.406	1.144
2974	-0.758	1.070
2975	-0.676	1.050
2976	-0.542	1.171
2977	-0.692	1.160
2978	-0.344	1.055
2979	-0.655	1.105
2980	-0.476	1.140
2981	-0.829	1.121
2982	0.000	1.070
2983	-0.632	1.106
2984	-0.246	1.150
2985	-0.874	0.996
2986	-0.616	1.115
2987	-0.895	1.105
2988	-0.880	1.088
2989	-0.808	1.109
2990	-0.634	1.149
2991	-0.353	1.066
2992	-0.603	1.107
2993	-0.257	1.091
2994	-0.601	1.108
2995	-1.055	1.116
2996	-0.651	1.069
2997	-0.341	1.117
2998	-0.150	1.145
2999	-0.865	1.067
3000	-0.449	1.078
3001	-0.662	1.121
3002	-0.754	1.060
3003	-0.613	1.084
3004	-1.096	1.083
3005	-0.543	1.101
3006	-0.884	1.066
3007	-0.365	1.095
3008	-0.272	1.071
3009	-0.597	1.080
3010	-0.487	1.149
3011	-0.523	1.180
3012	-0.804	1.031
3013	-0.415	1.072
3014	-0.295	1.150
3015	-0.510	1.049
3016	-0.847	1.126
3017	-0.553	1.140
3018	-0.803	1.212
3019	-0.699	1.126
3020	-1.249	1.126
3021	-0.669	1.221
3022	-0.222	1.108
3023	-0.719	1.148
3024	-0.462	1.130
3025	-0.864	1.040
3026	-0.623	1.071
3027	-0.637	1.107
3028	-0.305	1.147
3029	-0.636	1.080
3030	-0.889	1.201
3031	-0.609	1.134
3032	-0.755	1.184
3033	-0.172	1.101
3034	-0.454	1.178
3035	-0.304	1.122
3036	-0.708	1.122
3037	-0.836	1.101
3038	-0.675	1.145
3039	-0.935	1.039
3040	-0.567	1.153
3041	-0.669	1.142
3042	-0.258	1.022
3043	-0.420	1.073
3044	-0.490	1.121
3045	-0.325	1.061
3046	-0.503	1.090
3047	-0.579	1.094
3048	-0.588	1.166
3049	-0.630	1.041
3050	-0.459	1.104
3051	-0.501	1.161
3052	-0.103	1.142
3053	-1.153	1.115
3054	-0.598	1.117
3055	-0.948	1.159
3056	-0.426	1.053
3057	-0.772	1.102
3058	-0.796	1.056
3059	-0.772	1.107
3060	-0.462	1.155
3061	-0.550	1.097
3062	-0.477	1.104
3063	-0.583	1.109
3064	-0.763	1.157
3065	-0.351	1.111
3066	-0.488	1.094
3067	-0.774	1.050
3068	-0.871	1.056
3069	-0.698	1.191
3070	-0.857	1.084
3071	-0.453	1.071
3072	-0.852	1.113
3073	-0.326	1.084
3074	-0.843	1.056
3075	-0.756	1.142
3076	-0.465	1.075
3077	-0.943	1.130
3078	-0.362	1.120
3079	-0.606	1.146
3080	-0.552	1.055
3081	-0.771	1.090
3082	-0.707	1.119
3083	-0.543	1.027
3084	-0.392	1.166
3085	-0.339	1.100
3086	-0.774	1.096
3087	-0.761	1.135
3088	-0.489	1.098
3089	-0.407	1.098
3090	-0.345	1.200
3091	-0.700	1.081
3092	-0.161	1.171
3093	-0.526	1.034
3094	-0.490	1.062
3095	-0.504	1.107
3096	-0.358	1.086
3097	-0.500	1.053
3098	-0.577	1.085
3099	-0.646	1.119
3100	-0.940	1.070
3101	-0.665	1.140
3102	-1.108	1.110
3103	-0.664	1.151
3104	-0.410	1.132
3105	-0.694	1.054
3106	-0.616	1.130
3107	-0.316	1.119
3108	-0.463	1.108
3109	-0.611	1.104
3110	-0.867	1.155
3111	-0.596	1.139
3112	-0.817	1.155
3113	-0.702	1.088
3114	-0.182	1.098
3115	-0.896	1.044
3116	-0.826	1.007
3117	-0.501	1.085
3118	-0.195	1.106
3119	-0.669	1.116
3120	-0.512	1.095
3121	-0.654	1.112
3122	-0.990	1.114
3123	-0.742	1.103
3124	-0.736	1.091
3125	-0.555	1.149
3126	-0.578	1.176
3127	-0.323	1.120
3128	-0.428	1.098
3129	-0.509	1.091
3130	-0.848	1.103
3131	-0.589	1.100
3132	-0.475	1.092
3133	-0.621	1.099
3134	-0.799	1.098
3135	-0.443	1.087
3136	-0.558	1.075
3137	-0.773	1.131
3138	-0.243	1.078
3139	-0.573	1.079
3140	-0.393	1.083
3141	-0.727	1.066
3142	-0.642	1.102
3143	-0.694	1.084
3144	-0.333	1.134
3145	-0.237	1.061
3146	-0.438	1.058
3147	-1.028	1.142
3148	-0.267	1.060
3149	-0.451	1.074
3150	-0.891	1.063
3151	-0.614	1.244
3152	-0.522	1.081
3153	-0.571	1.183
3154	-0.502	1.086
3155	-0.631	1.152
3156	-0.998	1.000
3157	-0.794	1.111
3158	-0.773	1.083
3159	-0.804	1.113
3160	-1.000	1.078
3161	-0.678	1.144
3162	-1.097	1.060
3163	-0.827	1.114
3164	-0.458	1.157
3165	-1.012	1.127
3166	-0.541	1.154
3167	-0.261	1.095
3168	-0.619	1.136
3169	-0.852	1.086
3170	-0.709	1.105
3171	-0.534	1.215
3172	-0.787	1.113
3173	-1.252	1.175
3174	-0.272	1.067
3175	-0.728	1.098
3176	-0.955	1.098
3177	-0.770	1.192
3178	-0.778	1.053
3179	-0.497	1.142
3180	-0.474	1.108
3181	-0.928	1.166
3182	-0.464	1.107
3183	-0.757	1.126
3184	-0.437	1.060
3185	-1.019	1.100
3186	-0.688	1.113
3187	-0.460	1.071
3188	-0.762	1.054
3189	-0.713	1.074
3190	-0.875	1.149
3191	-0.742	1.125
3192	-0.736	1.092
3193	-0.751	1.218
3194	-0.650	1.125
3195	-0.654	1.047
3196	-0.697	1.010
3197	-0.766	1.142
3198	-0.704	1.068
3199	-0.496	1.130
3200	-0.967	1.168
3201	-0.809	1.070
3202	-0.685	1.193
3203	-0.711	1.139
3204	-0.716	1.110
3205	-0.411	1.154
3206	-0.694	1.134
3207	-0.649	1.108
3208	-0.484	1.068
3209	-0.740	1.127
3210	-0.417	1.070
3211	-0.557	1.051
3212	-0.852	1.109
3213	-0.448	1.102
3214	-0.595	1.041
3215	-0.459	1.068
3216	-0.578	1.096
3217	-0.395	1.127
3218	-0.710	1.147
3219	-0.457	1.066
3220	-0.853	1.175
3221	-0.211	1.038
3222	-1.158	1.101
3223	-0.350	1.062
3224	-0.615	1.117
3225	-0.616	1.173
3226	-0.600	1.105
3227	-0.647	1.179
3228	-0.733	1.151
3229	-0.619	1.076
3230	-0.640	1.069
3231	-0.557	1.062
3232	-0.513	1.118
3233	-0.602	1.189
3234	-1.009	1.141
3235	-0.305	1.165
3236	-0.529	1.166
3237	-0.708	1.149
3238	-0.621	1.060
3239	-1.018	1.100
3240	-0.566	1.128
3241	-0.757	1.116
3242	-0.804	1.183
3243	-0.589	1.080
3244	-0.545	1.142
3245	-0.631	1.149
3246	-0.767	1.014
3247	-0.434	1.100
3248	-0.881	1.117
3249	-0.535	1.176
3250	-0.547	1.121
3251	-0.961	1.096
3252	-0.081	1.093
3253	-0.438	1.164
3254	-0.622	1.041
3255	-0.932	1.097
3256	-0.575	1.181
3257	-1.013	1.136
3258	-0.719	1.087
3259	-0.662	1.195
3260	-0.723	1.024
3261	-0.392	1.131
3262	-0.387	1.169
3263	-0.405	1.135
3264	-0.755	1.086
3265	-0.299	1.187
3266	-0.527	1.079
3267	-0.517	1.118
3268	-0.644	1.223
3269	-0.623	1.150
3270	-0.410	1.090
3271	-0.753	1.090
3272	-0.906	1.205
3273	-0.992	1.114
3274	-0.590	1.170
3275	-0.128	1.172
3276	-0.649	1.089
3277	-0.659	1.097
3278	-0.953	1.066
3279	-0.628	1.109
3280	-0.730	1.143
3281	-0.942	1.112
3282	-0.668	1.079
3283	-0.715	1.228
3284	-0.675	1.171
3285	-0.610	1.058
3286	-0.849	1.125
3287	-0.563	1.021
3288	-0.719	1.101
3289	-0.553	1.122
3290	-0.501	1.144
3291	-0.470	1.137
3292	-0.429	1.130
3293	-0.678	1.135
3294	-0.693	1.139
3295	-0.734	1.128
3296	-1.034	1.208
3297	-0.548	1.122
3298	-0.591	1.108
3299	-0.629	1.116
3300	-0.565	1.110
3301	-0.697	1.159
3302	-0.803	1.130
3303	-0.476	1.120
3304	-0.330	1.083
3305	-0.439	1.112
3306	-0.717	1.083
3307	-0.565	1.152
3308	-0.717	1.125
3309	-0.338	1.078
3310	-0.802	1.208
3311	-0.280	1.032
3312	-0.715	1.124
3313	-0.879	1.108
3314	-0.846	1.075
3315	-1.000	1.063
3316	-0.798	1.037
3317	-0.741	1.050
3318	-0.892	1.121
3319	-0.726	1.174
3320	-0.783	1.073
3321	-0.744	1.151
3322	-0.344	1.126
3323	-0.775	1.137
3324	-0.397	1.194
3325	-0.755	1.112
3326	-0.836	1.115
3327	-0.732	1.099
3328	-0.611	1.070
3329	-0.822	1.097
3330	-0.709	1.051
3331	-0.389	1.140
3332	-0.513	1.122
3333	-0.765	1.148
3334	-0.625	1.153
3335	-0.744	1.060
3336	-0.605	1.147
3337	-0.607	1.073
3338	-0.614	1.065
3339	-0.748	1.221
3340	-0.482	1.083
3341	-0.305	1.147
3342	-0.648	1.130
3343	-0.723	1.095
3344	-0.431	1.138
3345	-0.467	1.091
3346	-0.679	1.114
3347	-0.613	1.042
3348	-0.548	1.115
3349	-0.866	1.033
3350	-0.270	1.134
3351	-0.942	1.144
3352	-0.747	1.078
3353	-0.401	1.060
3354	-1.020	1.062
3355	-0.537	1.071
3356	-0.800	1.165
3357	-0.463	1.183
3358	-0.465	1.048
3359	-0.717	1.110
3360	-0.711	1.112
3361	-0.743	1.110
3362	-0.605	1.117
3363	-0.920	1.070
3364	-0.888	1.056
3365	-0.670	1.070
3366	-0.600	1.183
3367	-0.691	1.147
3368	-0.697	1.066
3369	-0.606	1.137
3370	-0.741	1.135
3371	-0.324	1.121
3372	-0.684	1.098
3373	-0.512	1.050
3374	-0.789	1.148
3375	-0.913	1.120
3376	-0.638	1.106
3377	-0.152	1.045
3378	-0.542	1.130
3379	-1.270	1.155
3380	-0.762	1.071
3381	-0.216	1.009
3382	-0.494	1.227
3383	-0.355	1.085
3384	-0.418	1.121
3385	-0.992	1.030
3386	-1.018	1.138
3387	-0.932	1.038
3388	-0.446	1.137
3389	-0.666	1.151
3390	-0.310	1.194
3391	-0.167	1.138
3392	-0.382	1.096
3393	-0.783	1.089
3394	-0.445	1.095
3395	-0.367	1.149
3396	-0.454	1.091
3397	-0.535	1.055
3398	-0.781	1.127
3399	-0.350	1.125
3400	-0.561	1.038
3401	-1.113	1.053
3402	-0.524	1.108
3403	-0.519	1.083
3404	-0.935	1.123
3405	-0.348	1.171
3406	-0.122	1.087
3407	-0.604	1.081
3408	-0.617	1.107
3409	-0.690	1.174
3410	-0.639	1.169
3411	-0.521	1.093
3412	-0.622	1.117
3413	-0.562	1.093
3414	-0.298	1.128
3415	-0.198	1.105
3416	-0.703	1.100
3417	-0.846	1.184
3418	-0.848	1.170
3419	-0.348	1.074
3420	-0.446	1.007
3421	-0.471	1.072
3422	-0.551	1.158
3423	-0.767	1.158
3424	-0.669	1.081
3425	-0.588	1.104
3426	-0.257	1.150
3427	-0.732	1.122
3428	-0.270	1.142
3429	-0.228	1.106
3430	-0.897	1.111
3431	-0.772	1.095
3432	-0.618	1.123
3433	-0.848	1.045
3434	-0.878	1.105
3435	-0.690	1.147
3436	-0.448	1.130
3437	-0.746	1.038
3438	-0.655	1.142
3439	-0.498	1.099
3440	-0.879	1.139
3441	-0.483	1.196
3442	-0.630	1.128
3443	-0.820	1.190
3444	-0.398	1.207
3445	-0.508	1.034
3446	-0.936	1.140
3447	-0.644	1.115
3448	-0.373	1.173
3449	-0.760	1.136
3450	-0.741	1.151
3451	-0.588	1.095
3452	-0.715	1.166
3453	-1.238	1.028
3454	-0.530	1.146
3455	-0.611	1.117
3456	-0.983	1.097
3457	-0.390	1.077
3458	-0.652	1.170
3459	-0.896	1.125
3460	-0.428	1.082
3461	-0.010	1.019
3462	-0.696	1.057
3463	-0.747	1.082
3464	-0.502	1.091
3465	-0.319	1.150
3466	-0.565	1.173
3467	-0.720	1.160
3468	-0.633	1.144
3469	-0.390	1.123
3470	-0.663	1.058
3471	-0.553	1.170
3472	-0.384	1.080
3473	-0.637	1.203
3474	-0.247	1.073
3475	-0.655	1.068
3476	-0.608	1.158
3477	-0.700	1.221
3478	-0.117	1.112
3479	-0.382	1.121
3480	-0.863	1.031
3481	-0.564	1.190
3482	-0.731	1.158
3483	-0.702	1.079
3484	-0.885	1.047
3485	-0.985	1.112
3486	-0.677	1.052
3487	-0.926	1.160
3488	-0.867	1.096
3489	-1.118	1.120
3490	-0.275	1.179
3491	-0.572	1.123
3492	-0.224	1.077
3493	-0.316	1.090
3494	-0.698	1.214
3495	-0.640	1.081
3496	-0.631	1.139
3497	-0.795	1.160
3498	-0.772	1.052
3499	-0.487	1.134
3500	-0.693	1.110
3501	-1.003	1.050
3502	-0.399	1.163
3503	-0.395	1.076
3504	-0.630	1.155
3505	-0.504	1.108
3506	-0.506	1.123
3507	-0.767	1.119
3508	-0.792	1.084
3509	-0.567	1.172
3510	-0.527	1.114
3511	-0.349	1.082
3512	-0.826	1.139
3513	-0.833	1.184
3514	-0.971	1.144
3515	-0.739	1.120
3516	-0.407	1.104
3517	-0.769	1.179
3518	-1.057	1.262
3519	-0.678	1.084
3520	-0.673	1.037
3521	-0.749	1.108
3522	-0.602	1.153
3523	-0.914	1.104
3524	-0.890	1.112
3525	-0.539	1.056
3526	-0.565	1.146
3527	-0.615	1.122
3528	-0.666	1.097
3529	-0.851	1.158
3530	-0.313	1.138
3531	-0.247	1.123
3532	-0.620	1.142
3533	-0.593	1.037
3534	-1.003	1.096
3535	-0.518	1.065
3536	-0.653	1.023
3537	-0.533	1.121
3538	-0.383	1.155
3539	-0.718	1.062
3540	-0.658	1.057
3541	-0.750	1.118
3542	-0.509	1.133
3543	-1.145	1.092
3544	-0.489	1.165
3545	-0.489	1.076
3546	-0.976	1.145
3547	-0.914	1.047
3548	-0.416	1.102
3549	-0.355	1.121
3550	-0.220	1.119
3551	-0.581	1.149
3552	-0.205	1.136
3553	-0.817	1.172
3554	-0.569	1.101
3555	-0.145	1.074
3556	-0.301	1.124
3557	-0.962	1.141
3558	-0.502	1.095
3559	-0.741	1.137
3560	-0.638	1.057
3561	-0.530	1.144
3562	-0.601	1.084
3563	-0.446	1.169
3564	-0.628	1.067
3565	-0.492	1.190
3566	-0.508	1.105
3567	-0.597	1.047
3568	-0.224	1.138
3569	-0.567	1.232
3570	-0.483	1.086
3571	-0.466	1.135
3572	-0.613	1.108
3573	-0.379	1.067
3574	-0.253	1.146
3575	-0.904	1.132
3576	-0.630	1.115
3577	-0.945	1.015
3578	-0.709	1.156
3579	-0.821	1.110
3580	-0.566	1.045
3581	-0.525	1.170
3582	-0.930	1.149
3583	-0.388	1.119
3584	-0.644	1.207
3585	-0.937	1.105
3586	-0.565	1.158
3587	-0.471	1.094
3588	-0.389	1.136
3589	-0.443	1.161
3590	-0.382	1.138
3591	-0.548	1.095
3592	-0.276	1.179
3593	-0.397	1.051
3594	-0.535	1.077
3595	-0.479	1.108
3596	-1.000	1.089
3597	-0.778	1.136
3598	-0.362	1.170
3599	-0.625	1.119
3600	-0.679	1.097
3601	-0.708	1.103
3602	-0.400	1.104
3603	-0.620	1.144
3604	-0.562	1.169
3605	-0.207	1.066
3606	-0.882	1.128
3607	-0.391	1.111
3608	-0.261	1.071
3609	-0.333	1.106
3610	-0.640	1.130
3611	-0.754	1.146
3612	-0.563	1.192
3613	-0.861	1.077
3614	-0.597	1.069
3615	-0.816	1.138
3616	-0.384	1.097
3617	-0.846	1.131
3618	-0.787	1.106
3619	-0.482	1.061
3620	-0.890	1.086
3621	-0.491	1.118
3622	-0.694	1.054
3623	-0.315	1.051
3624	-0.936	1.084
3625	-0.740	1.095
3626	-0.349	1.073
3627	-0.910	1.129
3628	-0.760	1.140
3629	-0.556	1.019
3630	-0.573	1.086
3631	-0.730	1.088
3632	-0.282	1.120
3633	-0.614	1.096
3634	-0.631	1.069
3635	-0.324	1.083
3636	-1.103	1.213
3637	-0.340	1.102
3638	-0.706	1.148
3639	-0.643	1.146
3640	-0.744	1.124
3641	-0.431	1.149
3642	-0.811	1.155
3643	-0.840	1.064
3644	-0.684	1.052
3645	-0.682	1.099
3646	-0.573	1.188
3647	-0.685	1.097
3648	-0.925	1.142
3649	-0.698	1.086
3650	-0.485	1.116
3651	-0.484	1.100
3652	-0.818	1.149
3653	-0.649	1.109
3654	-0.178	1.009
3655	-0.304	1.048
3656	-0.279	1.145
3657	-0.742	1.081
3658	-0.624	1.109
3659	-0.578	1.061
3660	-0.323	1.088
3661	-0.712	1.140
3662	-0.416	1.078
3663	-0.623	1.189
3664	-0.934	1.150
3665	-0.883	1.107
3666	-0.559	1.113
3667	-0.650	1.141
3668	-0.715	1.065
3669	-0.747	1.044
3670	-0.725	1.175
3671	-0.735	1.100
3672	-0.754	1.167
3673	-0.467	1.045
3674	-1.238	1.086
3675	-0.789	1.117
3676	-0.634	1.133
3677	-0.747	1.143
3678	-0.415	1.067
3679	-0.403	1.071
3680	-0.988	1.105
3681	-0.636	1.112
3682	-0.752	1.195
3683	-0.785	1.072
3684	-0.557	1.090
3685	-0.466	1.188
3686	-0.382	1.125
3687	-0.909	1.114
3688	-0.916	1.128
3689	-0.760	1.095
3690	-0.569	1.072
3691	-0.786	1.149
3692	-0.897	1.124
3693	-0.878	1.098
3694	-1.027	1.056
3695	-0.542	1.153
3696	-0.736	1.050
3697	-0.471	1.068
3698	-0.713	1.111
3699	-0.704	1.160
3700	-0.440	1.031
3701	-0.806	1.061
3702	-0.262	1.192
3703	-0.756	1.119
3704	-0.677	1.109
3705	-0.666	1.104
3706	-0.549	1.090
3707	-0.764	1.090
3708	-0.239	1.107
3709	-0.771	1.187
3710	-0.391	1.080
3711	-0.414	1.163
3712	-0.627	1.136
3713	-0.271	1.162
3714	-0.723	1.105
3715	-0.993	1.089
3716	-0.552	1.092
3717	-0.742	1.127
3718	-0.543	1.060
3719	-0.552	1.179
3720	-0.628	1.090
3721	-0.626	1.099
3722	-0.893	1.082
3723	-0.564	1.154
3724	-0.234	1.180
3725	-0.740	1.090
3726	-0.494	1.129
3727	-0.317	1.132
3728	-0.549	1.064
3729	-0.472	1.125
3730	-0.840	1.192
3731	-0.623	1.127
3732	-0.922	1.054
3733	-0.441	1.155
3734	-0.474	1.080
3735	-0.840	1.165
3736	-0.620	1.132
3737	-0.773	1.135
3738	-0.676	1.100
3739	-1.075	1.174
3740	-0.273	1.021
3741	-0.807	1.130
3742	-0.819	1.169
3743	-0.306	1.077
3744	-0.377	1.081
3745	-0.364	1.092
3746	-0.239	1.144
3747	-0.574	1.137
3748	-0.738	1.034
3749	-0.779	1.166
3750	-0.570	1.132
3751	-0.200	1.084
3752	-0.586	1.117
3753	-0.732	1.117
3754	-0.814	1.116
3755	-0.679	1.064
3756	-0.879	1.079
3757	-0.955	1.121
3758	-0.128	1.123
3759	-0.674	1.139
3760	-1.001	1.024
3761	-0.570	1.127
3762	-0.313	1.135
3763	-0.554	1.108
3764	-0.531	1.147
3765	-0.577	1.158
3766	-0.404	1.068
3767	-0.828	1.069
3768	-0.691	1.053
3769	-0.691	1.111
3770	-0.409	1.003
3771	-0.431	1.087
3772	-0.837	1.070
3773	-0.600	1.092
3774	-0.711	1.111
3775	-0.335	1.101
3776	-0.611	1.110
3777	-1.033	1.075
3778	-0.749	1.125
3779	-0.581	1.119
3780	-0.414	1.068
3781	-0.217	1.080
3782	-0.344	1.059
3783	-0.801	1.033
3784	-0.764	1.123
3785	-0.589	1.039
3786	-0.519	1.007
3787	-0.510	1.124
3788	-0.740	1.143
3789	-0.505	1.163
3790	-0.624	1.074
3791	-0.354	1.165
3792	-0.687	1.133
3793	-0.785	1.132
3794	-0.333	1.049
3795	-0.513	1.120
3796	-0.503	1.120
3797	-0.542	1.179
3798	-0.470	1.204
3799	-0.901	1.075
3800	-0.689	1.094
3801	-0.080	1.130
3802	-0.914	1.087
3803	-0.546	1.041
3804	-0.806	1.155
3805	-0.773	1.041
3806	-0.723	1.077
3807	-0.632	1.145
3808	-0.712	1.126
3809	-0.519	1.128
3810	-0.998	1.075
3811	-0.438	1.051
3812	-0.808	1.126
3813	-0.318	1.103
3814	-0.639	1.036
3815	-0.638	1.070
3816	-0.612	1.147
3817	-0.783	1.117
3818	-0.623	1.239
3819	-0.831	1.114
3820	-0.577	1.124
3821	-0.781	1.116
3822	-0.190	1.115
3823	-0.177	1.115
3824	-0.341	1.097
3825	-0.690	1.157
3826	-0.506	1.027
3827	-0.284	1.097
3828	-0.276	1.108
3829	-0.916	1.070
3830	-0.480	1.144
3831	-0.724	1.084
3832	-0.882	1.089
3833	-0.480	1.112
3834	-0.661	1.092
3835	-0.998	1.154
3836	-0.438	1.106
3837	-0.601	1.133
3838	-0.510	1.150
3839	-0.531	1.126
3840	-0.763	1.142
3841	-0.485	1.131
3842	-0.591	1.068
3843	-0.795	1.103
3844	-0.638	1.124
3845	-0.566	1.094
3846	-0.445	1.127
3847	-0.900	1.114
3848	-0.504	1.151
3849	0.145	1.188
3850	-0.395	1.198
3851	-0.715	1.054
3852	-0.581	1.094
3853	-0.547	1.178
3854	-0.837	1.183
3855	-1.002	1.151
3856	-0.372	1.053
3857	-0.677	1.132
3858	-1.018	1.108
3859	-0.386	1.122
3860	-0.680	1.100
3861	-0.837	1.104
3862	-0.490	1.138
3863	-0.544	1.136
3864	-1.112	1.129
3865	-0.371	1.102
3866	-0.428	1.185
3867	-0.718	1.101
3868	-0.821	1.120
3869	-0.281	1.101
3870	-0.654	1.068
3871	-0.649	1.073
3872	-0.520	1.056
3873	-0.720	1.131
3874	-0.349	1.099
3875	-0.360	1.081
3876	-0.796	1.074
3877	-0.541	1.139
3878	-0.833	1.146
3879	-0.152	1.165
3880	-0.603	1.132
3881	-0.579	1.083
3882	-0.554	1.062
3883	-0.674	1.087
3884	-0.733	1.116
3885	-0.943	1.122
3886	-0.241	1.051
3887	-0.546	1.193
3888	-0.239	1.134
3889	-0.751	1.177
3890	-0.739	1.081
3891	-0.647	1.143
3892	-0.627	1.162
3893	-0.473	1.015
3894	-0.437	1.133
3895	-0.591	1.145
3896	-0.215	1.055
3897	-0.806	1.183
3898	-0.502	1.100
3899	-0.413	1.137
3900	-0.291	1.181
3901	-0.781	1.097
3902	-0.425	1.096
3903	-0.522	1.190
3904	-0.514	0.994
3905	-1.110	1.106
3906	-0.577	1.114
3907	-0.665	1.187
3908	-0.514	1.106
3909	-0.519	1.155
3910	-0.770	1.123
3911	-0.810	1.120
3912	-0.649	1.076
3913	-0.495	1.045
3914	-0.586	1.129
3915	-0.468	1.055
3916	-0.568	1.127
3917	-0.723	1.166
3918	-0.619	1.180
3919	-0.544	1.076
3920	-0.286	1.118
3921	-0.506	1.072
3922	-0.675	1.136
3923	-0.491	1.092
3924	-0.929	1.132
3925	-0.607	1.082
3926	-1.063	1.055
3927	-0.366	1.172
3928	-0.346	1.084
3929	-0.432	1.140
3930	-0.586	1.113
3931	-0.699	1.168
3932	-0.653	1.160
3933	-0.835	1.094
3934	-0.388	1.181
3935	-0.449	1.175
3936	-0.838	1.071
3937	-0.361	1.161
3938	-0.920	1.092
3939	-0.688	1.110
3940	-0.244	1.084
3941	-0.362	1.174
3942	-0.372	1.110
3943	-0.826	1.084
3944	-0.694	1.128
3945	-0.788	1.094
3946	-0.824	1.153
3947	-0.792	1.117
3948	-0.818	1.110
3949	-0.484	1.115
3950	-0.875	1.120
3951	-0.743	1.163
3952	-0.433	1.063
3953	-0.564	1.229
3954	-0.891	1.099
3955	-0.847	1.144
3956	-0.652	0.997
3957	-0.883	1.150
3958	-0.651	1.109
3959	-0.418	1.126
3960	-0.589	1.089
3961	-0.531	1.092
3962	-0.486	1.167
3963	-0.677	1.120
3964	-0.682	1.118
3965	-0.803	1.159
3966	-0.769	0.988
3967	-0.993	1.116
3968	-0.955	1.124
3969	-0.830	1.186
3970	-0.372	1.085
3971	-0.265	1.130
3972	-0.812	1.185
3973	-0.725	1.119
3974	-0.622	1.082
3975	-0.149	1.138
3976	-0.779	1.096
3977	-0.642	1.070
3978	-0.823	1.077
3979	-0.313	1.077
3980	-0.666	1.089
3981	-0.293	1.113
3982	-0.888	1.075
3983	-0.449	1.094
3984	-0.551	1.056
3985	-0.679	1.109
3986	-0.564	1.033
3987	-1.060	1.071
3988	-0.711	1.133
3989	-0.776	1.080
3990	-0.402	1.148
3991	-0.579	1.088
3992	-0.640	1.157
3993	-0.798	1.055
3994	-0.637	1.199
3995	-0.446	1.065
3996	-0.506	1.042
3997	-0.603	1.069
3998	-0.357	1.107
3999	-0.593	1.089
4000	-0.485	1.301
4001	-0.477	1.173
4002	-0.762	1.099
4003	-0.571	1.137
4004	-0.275	1.129
4005	-0.372	1.127
4006	-0.495	1.104
4007	-0.553	1.054
4008	-0.512	1.114
4009	-0.641	1.054
4010	-1.132	1.069
4011	-0.759	1.091
4012	-0.475	1.151
4013	-0.593	1.044
4014	-0.604	1.127
4015	-0.834	1.067
4016	-0.837	1.111
4017	-0.857	1.104
4018	-0.025	1.089
4019	-0.501	1.125
4020	-0.772	1.077
4021	-0.788	1.140
4022	-0.589	1.049
4023	-0.456	1.148
4024	-0.616	1.136
4025	-0.725	1.070
4026	-0.374	1.139
4027	-0.911	1.102
4028	-0.511	1.104
4029	-0.389	1.105
4030	-0.468	1.102
4031	-0.637	1.036
4032	-0.909	1.073
4033	-0.398	1.073
4034	-0.716	1.143
4035	-0.437	1.100
4036	-0.578	1.142
4037	-0.309	1.061
4038	-0.668	1.117
4039	-0.565	1.178
4040	-0.430	1.090
4041	-0.664	0.991
4042	-0.869	1.090
4043	-0.394	1.096
4044	-0.515	1.098
4045	-0.458	1.114
4046	-0.554	1.099
4047	-0.702	1.158
4048	-0.848	1.092
4049	-1.122	1.161
4050	-0.488	1.165
4051	-0.182	1.075
4052	-0.859	1.159
4053	-0.882	1.132
4054	-0.690	1.154
4055	-0.648	1.130
4056	-0.877	1.095
4057	-0.460	1.173
4058	-0.468	1.184
4059	-0.854	1.189
4060	-0.717	1.095
4061	-0.460	1.162
4062	-0.589	1.106
4063	-0.751	1.143
4064	-0.898	1.117
4065	-0.462	1.087
4066	-0.577	1.101
4067	-0.428	1.170
4068	-0.570	1.146
4069	-1.129	1.151
4070	-0.867	1.133
4071	-0.721	1.121
4072	-0.709	1.126
4073	-0.553	1.180
4074	-0.866	1.108
4075	-0.718	1.109
4076	-0.576	1.125
4077	-0.875	1.062
4078	-0.592	1.107
4079	-0.406	1.136
4080	-0.448	1.028
4081	-0.726	1.137
4082	-0.681	1.051
4083	-0.201	1.144
4084	-0.633	1.145
4085	-0.734	1.097
4086	-0.279	1.177
4087	-0.899	1.112
4088	-0.368	1.073
4089	-0.751	1.164
4090	-0.814	1.164
4091	-0.642	1.116
4092	-0.520	1.032
4093	-0.580	1.125
4094	-0.378	1.068
4095	-0.459	1.113
4096	-0.707	1.113
4097	-1.126	1.181
4098	-0.704	1.181
4099	-0.208	1.032
4100	-0.476	1.193
4101	-0.577	1.119
4102	-0.668	1.083
4103	-0.989	1.114
4104	-0.791	1.008
4105	-0.602	1.027
4106	-0.414	1.054
4107	-0.707	1.169
4108	-0.682	1.095
4109	-0.842	1.101
4110	-0.302	1.080
4111	-0.629	1.104
4112	-0.631	1.078
4113	-0.826	1.167
4114	-0.958	1.086
4115	-0.554	1.118
4116	-0.245	1.130
4117	-0.589	1.132
4118	-0.732	1.146
4119	-0.478	1.086
4120	-0.656	1.074
4121	-0.882	1.090
4122	-0.744	1.179
4123	-0.599	1.201
4124	-0.689	1.227
4125	-0.516	1.033
4126	-0.936	1.175
4127	-0.406	1.091
4128	-0.379	1.106
4129	-0.556	1.154
4130	-0.748	1.111
4131	-0.923	1.069
4132	-0.341	1.084
4133	-0.528	1.057
4134	-0.980	1.175
4135	-0.691	1.010
4136	-0.562	1.079
4137	-0.700	1.059
4138	-0.939	1.049
4139	-0.729	1.185
4140	-0.439	1.197
4141	-0.887	1.137
4142	-0.899	1.051
4143	-1.039	1.106
4144	-0.297	1.067
4145	-0.250	1.137
4146	-0.682	1.085
4147	-0.119	1.109
4148	-0.861	1.092
4149	-0.861	1.136
4150	-0.733	1.056
4151	-0.432	1.132
4152	-0.573	1.158
4153	-0.525	1.130
4154	-0.767	0.988
4155	-0.595	1.080
4156	-0.656	1.139
4157	-0.757	1.115
4158	-0.863	1.138
4159	-0.282	1.043
4160	-0.600	1.191
4161	-0.462	1.166
4162	-0.458	1.110
4163	-0.300	1.064
4164	-0.869	1.154
4165	-0.578	1.152
4166	-0.628	1.147
4167	-0.556	1.071
4168	-0.664	1.131
4169	-0.857	1.126
4170	-0.425	1.121
4171	-0.441	1.103
4172	-0.567	1.055
4173	-1.118	1.117
4174	-0.660	1.177
4175	-0.180	1.147
4176	-0.253	1.108
4177	-0.711	1.112
4178	-0.877	1.151
4179	-0.679	1.138
4180	-0.536	1.159
4181	-0.638	1.173
4182	-0.354	1.153
4183	-0.799	1.106
4184	-0.726	1.139
4185	-0.431	1.016
4186	-0.492	1.038
4187	-0.210	1.056
4188	-0.598	1.066
4189	-0.244	1.131
4190	-0.877	1.143
4191	-0.518	1.112
4192	-0.180	1.170
4193	-0.441	1.105
4194	-0.664	1.104
4195	-0.663	1.037
4196	-0.309	1.199
4197	-0.552	1.088
4198	-0.404	1.116
4199	-0.550	1.085
4200	-1.152	1.143
4201	-0.778	1.075
4202	-0.319	1.129
4203	-0.692	1.133
4204	-0.421	1.090
4205	-0.568	1.139
4206	-0.440	1.159
4207	-0.646	1.160
4208	-0.905	1.119
4209	-0.486	1.165
4210	-0.515	1.041
4211	-0.894	1.126
4212	-0.533	1.036
4213	-0.372	1.119
4214	-0.610	1.118
4215	-0.737	1.073
4216	-0.661	1.168
4217	-0.486	1.121
4218	-0.815	1.073
4219	-0.683	1.092
4220	-0.574	1.149
4221	-0.301	1.148
4222	-0.528	1.109
4223	-0.540	1.027
4224	-0.531	1.173
4225	-0.751	1.228
4226	-0.354	1.106
4227	-0.782	1.071
4228	-0.821	1.147
4229	-0.197	1.103
4230	-0.651	1.093
4231	-0.552	1.150
4232	-0.921	1.114
4233	-0.684	1.176
4234	-0.443	1.091
4235	-0.356	1.120
4236	-0.534	1.023
4237	-0.754	1.201
4238	-0.493	1.093
4239	-0.604	1.080
4240	-0.466	1.123
4241	-0.878	1.140
4242	-0.986	1.162
4243	-0.400	1.071
4244	-0.668	1.115
4245	-0.599	1.095
4246	-0.482	1.058
4247	-1.030	1.110
4248	-0.506	1.198
4249	-0.650	1.054
4250	-0.417	1.147
4251	-0.518	1.136
4252	-0.284	1.145
4253	-0.662	1.127
4254	-0.692	1.110
4255	-0.208	1.102
4256	-0.569	1.084
4257	-0.722	1.117
4258	-0.252	1.058
4259	-0.432	1.118
4260	-0.586	1.098
4261	-0.542	1.181
4262	-0.398	1.111
4263	-0.893	1.066
4264	-0.989	1.114
4265	-0.599	1.087
4266	-0.396	1.221
4267	-0.470	1.084
4268	-0.555	1.152
4269	-0.861	1.088
4270	-0.587	1.176
4271	-0.699	1.133
4272	-0.437	1.092
4273	-0.659	1.080
4274	-0.260	1.115
4275	-0.542	1.098
4276	-0.548	1.119
4277	-0.524	1.064
4278	-0.967	1.120
4279	-0.606	1.126
4280	-0.531	1.070
4281	-0.425	1.092
4282	-0.985	1.117
4283	-0.416	1.130
4284	-0.503	1.058
4285	-0.619	1.059
4286	-0.059	1.059
4287	-0.079	1.165
4288	-0.682	1.060
4289	-0.950	1.125
4290	-0.636	1.148
4291	-0.735	1.116
4292	-0.500	1.118
4293	-0.546	1.177
4294	-0.537	1.082
4295	-0.967	1.137
4296	-1.002	1.141
4297	-0.540	1.128
4298	-0.899	1.085
4299	-0.360	1.097
4300	-0.681	1.175
4301	-0.554	1.134
4302	-0.643	1.146
4303	-0.664	1.127
4304	-0.643	1.040
4305	-0.577	1.100
4306	-0.800	1.130
4307	-0.582	1.054
4308	-0.762	1.196
4309	-0.433	1.120
4310	-0.551	1.123
4311	-0.486	1.156
4312	-0.664	1.063
4313	-0.727	1.080
4314	-0.767	1.136
4315	-1.020	1.118
4316	-0.699	1.176
4317	-0.530	1.087
4318	-0.472	1.178
4319	-0.664	1.119
4320	-0.253	1.080
4321	-0.648	1.046
4322	-0.469	1.136
4323	-0.905	1.169
4324	-0.796	1.115
4325	-0.501	1.096
4326	-0.708	1.149
4327	-0.885	1.070
4328	-0.579	1.046
4329	-0.431	1.140
4330	-0.409	1.037
4331	-0.915	1.090
4332	-0.467	1.148
4333	-0.629	1.091
4334	-0.551	1.132
4335	-0.482	1.112
4336	-0.668	1.011
4337	-0.930	1.090
4338	-0.710	1.146
4339	-0.362	1.081
4340	-0.624	1.032
4341	-0.693	1.026
4342	-0.526	1.125
4343	-0.978	1.069
4344	-0.435	1.176
4345	-0.962	1.124
4346	-0.605	1.067
4347	-0.909	1.062
4348	-0.089	1.139
4349	-0.206	1.202
4350	-0.658	1.084
4351	-0.554	1.133
4352	-0.473	1.111
4353	-0.531	1.104
4354	-0.630	1.192
4355	-0.481	1.202
4356	-0.294	1.102
4357	-0.767	1.189
4358	-0.606	1.116
4359	-0.362	1.142
4360	-0.638	1.172
4361	-0.497	1.087
4362	-0.392	1.009
4363	-0.765	1.090
4364	-0.891	1.090
4365	-0.569	1.162
4366	-0.595	1.107
4367	-0.896	1.088
4368	-0.559	1.165
4369	-0.472	1.133
4370	-1.385	1.126
4371	-0.550	1.084
4372	-0.985	1.160
4373	-0.396	1.112
4374	-0.894	1.174
4375	-0.515	1.042
4376	-0.539	1.091
4377	-0.690	1.114
4378	-0.650	1.130
4379	-0.603	1.116
4380	-0.510	1.190
4381	-0.535	1.007
4382	-0.495	1.126
4383	-0.526	1.126
4384	-0.714	1.108
4385	-0.669	1.065
4386	-0.530	1.093
4387	-0.578	1.116
4388	-0.530	1.119
4389	-0.357	1.132
4390	-0.693	1.116
4391	-0.313	1.184
4392	-0.542	1.135
4393	-1.152	1.100
4394	-0.868	1.102
4395	-0.580	1.092
4396	-0.525	1.182
4397	-0.989	1.113
4398	-0.535	1.116
4399	-0.734	1.101
4400	-0.782	1.202
4401	-0.661	1.114
4402	-0.580	1.042
4403	-0.652	1.196
4404	-0.970	1.134
4405	-0.564	1.121
4406	-0.439	1.027
4407	-0.518	1.064
4408	-0.712	1.189
4409	-0.755	1.084
4410	-0.866	1.133
4411	-0.766	1.039
4412	-0.645	1.180
4413	-0.633	1.161
4414	-1.197	1.159
4415	-0.448	1.140
4416	-0.301	1.089
4417	-0.593	1.129
4418	-0.576	1.065
4419	-0.853	1.150
4420	-0.445	1.139
4421	-0.501	1.120
4422	-0.652	1.084
4423	-0.849	1.021
4424	-1.007	1.079
4425	-0.365	1.151
4426	-0.371	1.059
4427	-0.636	1.116
4428	-1.118	1.099
4429	-0.148	1.131
4430	-0.457	1.095
4431	-0.299	1.105
4432	-0.346	1.096
4433	-0.711	1.074
4434	-0.745	1.075
4435	-0.260	1.115
4436	-0.232	1.071
4437	-0.120	1.084
4438	-0.567	1.071
4439	-0.254	1.146
4440	-0.505	1.117
4441	-0.550	1.165
4442	-0.962	1.098
4443	-0.410	1.069
4444	-0.323	1.081
4445	-0.615	1.126
4446	-0.515	1.157
4447	-0.761	1.127
4448	-0.560	1.100
4449	-0.316	1.131
4450	-0.459	1.108
4451	-0.325	1.047
4452	-0.739	1.126
4453	-0.065	1.180
4454	-0.439	1.122
4455	-0.388	1.129
4456	-0.870	1.189
4457	-0.361	1.109
4458	-0.710	1.059
4459	-0.479	1.099
4460	-0.588	1.147
4461	-0.696	1.089
4462	-0.444	1.128
4463	-0.667	1.133
4464	-0.876	1.154
4465	-0.529	1.202
4466	-0.491	1.135
4467	-0.527	1.209
4468	-0.408	1.080
4469	-0.627	1.114
4470	-0.143	1.101
4471	-0.801	1.110
4472	-0.483	1.059
4473	-0.944	1.051
4474	-0.698	1.175
4475	-0.596	1.160
4476	-0.541	1.053
4477	-0.429	1.102
4478	-0.668	1.067
4479	-0.609	1.185
4480	-0.749	1.140
4481	-0.381	1.106
4482	-0.370	1.050
4483	-0.809	1.149
4484	-0.359	1.114
4485	-0.969	1.133
4486	-0.816	1.140
4487	-0.423	1.149
4488	-0.556	1.124
4489	-0.600	1.014
4490	-0.574	1.166
4491	-0.364	1.107
4492	-0.608	1.127
4493	-0.663	1.036
4494	-0.327	1.139
4495	-0.603	1.097
4496	-0.518	1.137
4497	-0.372	1.075
4498	-0.879	1.156
4499	-0.789	1.138
4500	-0.572	1.155
4501	-0.805	1.054
4502	-0.782	1.070
4503	-0.752	1.169
4504	-0.345	1.158
4505	-0.325	1.052
4506	-0.639	1.125
4507	-1.119	0.921
4508	-0.977	1.136
4509	-0.539	1.066
4510	-0.892	1.084
4511	-0.689	1.000
4512	-0.667	1.098
4513	-0.672	1.179
4514	-0.285	1.211
4515	-0.463	1.116
4516	-0.493	1.128
4517	-0.868	1.162
4518	-0.384	1.133
4519	-0.604	1.166
4520	-0.541	1.180
4521	-0.495	1.103
4522	-0.487	1.134
4523	-0.655	1.142
4524	-0.383	1.128
4525	-0.737	1.167
4526	-0.223	1.033
4527	-0.211	1.154
4528	-0.568	1.011
4529	-0.583	1.152
4530	-0.810	1.128
4531	-0.723	1.161
4532	-0.440	1.058
4533	-0.760	1.163
4534	-0.625	1.189
4535	-0.600	1.141
4536	-0.637	1.071
4537	-0.665	1.169
4538	-0.856	1.148
4539	-1.041	1.081
4540	-1.045	1.096
4541	-0.844	1.112
4542	-0.841	1.116
4543	-0.676	1.097
4544	-0.497	1.083
4545	-0.118	1.042
4546	-0.559	1.151
4547	-0.597	1.075
4548	-0.677	1.066
4549	-0.862	1.118
4550	-0.213	1.188
4551	-0.248	1.071
4552	-0.731	1.148
4553	-0.757	1.102
4554	-0.931	1.030
4555	-0.756	1.080
4556	-1.180	1.064
4557	-0.458	1.071
4558	-0.781	1.002
4559	-0.640	1.075
4560	-0.616	1.138
4561	-0.576	1.137
4562	-0.774	1.054
4563	-0.764	1.170
4564	-0.507	1.194
4565	-0.532	1.089
4566	-0.812	1.179
4567	-0.551	1.100
4568	-0.836	1.085
4569	-0.121	1.036
4570	-0.479	1.015
4571	-0.794	1.118
4572	-0.984	1.114
4573	-0.312	1.162
4574	-0.773	1.185
4575	-0.595	1.130
4576	-0.311	1.165
4577	-0.686	1.108
4578	-0.482	1.102
4579	-0.831	1.116
4580	-0.661	1.072
4581	-0.376	1.088
4582	-0.734	1.122
4583	-0.789	1.098
4584	-0.690	1.095
4585	-0.555	1.105
4586	-0.774	1.099
4587	-0.093	1.066
4588	-0.855	1.066
4589	-0.700	1.120
4590	-0.785	1.124
4591	-0.594	1.128
4592	-0.350	1.124
4593	-0.240	1.008
4594	-0.457	1.152
4595	-0.445	1.160
4596	-0.807	1.025
4597	-0.211	1.066
4598	-0.531	1.139
4599	-0.873	1.194
4600	-0.525	1.098
4601	-0.750	1.209
4602	-0.775	1.219
4603	-0.360	1.126
4604	-0.363	1.177
4605	-0.671	1.079
4606	-0.347	1.031
4607	-0.551	1.136
4608	-0.229	1.175
4609	-0.716	1.101
4610	-0.420	1.133
4611	-0.558	1.139
4612	-0.589	1.017
4613	-0.113	1.084
4614	-0.827	1.103
4615	-0.836	1.130
4616	-0.589	1.140
4617	-0.968	1.126
4618	-0.489	1.082
4619	-0.759	1.051
4620	-0.260	1.094
4621	-0.804	1.160
4622	-0.853	1.096
4623	-0.559	1.148
4624	-0.407	1.085
4625	-0.707	1.070
4626	-0.592	1.129
4627	-0.261	1.147
4628	-0.174	1.144
4629	-0.747	1.081
4630	-0.773	1.081
4631	-0.707	1.033
4632	-0.864	1.143
4633	-0.481	1.174
4634	-0.852	1.086
4635	-0.723	1.115
4636	-0.603	1.094
4637	-0.875	1.109
4638	-0.604	1.087
4639	-0.648	1.126
4640	-0.554	1.028
4641	-0.407	1.075
4642	-0.713	1.051
4643	-1.072	1.102
4644	-0.539	1.104
4645	-0.365	1.140
4646	-0.704	1.156
4647	-0.612	1.112
4648	-0.772	1.170
4649	-0.605	1.154
4650	-0.620	1.082
4651	-1.225	1.071
4652	-0.497	1.045
4653	-0.637	1.241
4654	-0.670	1.087
4655	-0.732	1.070
4656	-0.807	1.117
4657	-0.482	1.109
4658	-0.507	1.088
4659	-0.691	1.105
4660	-0.655	1.058
4661	-0.572	1.037
4662	-0.981	1.025
4663	-0.835	1.018
4664	-0.332	1.089
4665	-0.710	1.173
4666	-0.646	1.103
4667	-0.636	1.073
4668	-0.543	1.096
4669	-0.891	1.104
4670	-0.454	1.156
4671	-0.632	1.023
4672	-0.618	1.165
4673	-0.807	1.112
4674	-0.411	1.165
4675	-0.765	1.112
4676	-0.681	1.072
4677	-0.736	1.180
4678	-0.736	1.084
4679	-0.524	1.064
4680	-0.553	1.172
4681	-0.370	1.069
4682	-0.653	1.219
4683	-0.504	1.089
4684	-0.446	1.125
4685	-0.679	1.162
4686	-0.417	1.043
4687	-0.865	1.203
4688	-0.303	1.126
4689	-0.855	1.122
4690	-0.353	1.135
4691	-0.828	1.172
4692	-0.495	1.106
4693	-0.611	1.161
4694	-0.780	1.094
4695	-0.701	1.081
4696	-0.837	1.078
4697	-0.513	1.087
4698	-0.741	1.127
4699	-0.874	1.162
4700	-0.524	1.043
4701	-0.571	1.122
4702	-0.561	1.075
4703	-0.274	1.113
4704	-0.823	1.058
4705	-0.339	1.054
4706	-0.718	1.128
4707	-0.298	1.163
4708	-0.698	1.175
4709	-0.390	1.145
4710	-0.722	1.140
4711	-0.518	1.078
4712	-0.487	1.160
4713	-0.688	1.123
4714	-0.544	1.132
4715	-0.093	1.011
4716	-0.740	1.001
4717	-0.356	1.068
4718	-0.780	1.071
4719	-0.728	1.097
4720	-0.287	1.126
4721	-0.915	1.089
4722	-0.712	1.107
4723	-0.743	1.053
4724	-0.950	1.069
4725	-0.268	1.158
4726	-0.179	1.131
4727	-0.525	1.081
4728	-0.483	1.133
4729	-0.940	1.062
4730	-0.333	1.089
4731	-0.165	1.083
4732	-0.698	1.102
4733	-0.647	1.108
4734	-0.564	1.110
4735	-0.826	1.076
4736	-0.848	1.063
4737	-0.843	1.106
4738	-0.894	1.212
4739	-0.828	0.993
4740	-1.014	1.133
4741	-0.808	1.105
4742	-0.760	1.082
4743	-0.724	1.034
4744	-0.759	1.110
4745	-0.581	1.102
4746	-0.965	1.116
4747	-0.327	1.091
4748	-0.403	1.061
4749	-0.495	1.152
4750	-0.661	1.201
4751	-0.982	1.097
4752	-0.390	1.139
4753	-0.901	1.142
4754	-0.720	1.075
4755	-0.244	1.074
4756	-0.815	1.103
4757	-0.171	1.111
4758	-0.756	1.231
4759	-0.575	1.160
4760	-0.921	1.014
4761	-0.531	1.122
4762	-0.948	1.059
4763	-0.728	1.054
4764	-0.786	1.167
4765	-0.624	1.125
4766	-0.539	1.151
4767	-0.354	1.119
4768	-0.733	1.121
4769	-0.757	1.082
4770	-1.066	1.139
4771	-0.389	1.105
4772	-0.394	1.170
4773	-0.285	1.069
4774	-0.507	1.111
4775	-0.270	1.074
4776	-0.719	1.147
4777	-0.427	1.135
4778	-0.681	1.058
4779	-0.381	1.130
4780	-0.803	1.079
4781	-0.538	1.143
4782	-0.821	1.089
4783	-0.636	1.146
4784	-0.552	1.237
4785	0.176	1.150
4786	-0.420	1.173
4787	-0.472	1.183
4788	-0.984	1.126
4789	-0.533	1.115
4790	-0.653	1.157
4791	-0.788	1.072
4792	-0.695	1.114
4793	-0.800	1.114
4794	-0.494	1.081
4795	-0.544	1.117
4796	-0.511	1.070
4797	-0.501	1.120
4798	-0.646	1.102
4799	-0.376	1.077
4800	-0.732	1.112
4801	-1.020	1.141
4802	-0.404	1.088
4803	-0.409	1.122
4804	-0.516	1.132
4805	-0.445	1.122
4806	-0.764	1.095
4807	-0.314	1.078
4808	-0.060	1.161
4809	-1.008	1.040
4810	-0.599	1.162
4811	-0.391	1.101
4812	-0.607	1.127
4813	-0.441	1.109
4814	-0.956	1.142
4815	-0.580	1.116
4816	-0.603	1.129
4817	-0.379	1.139
4818	-0.677	1.115
4819	-0.523	1.130
4820	-0.674	1.048
4821	-0.407	1.105
4822	-0.825	1.128
4823	-0.793	1.118
4824	-0.964	1.063
4825	-0.964	1.143
4826	-0.883	1.014
4827	-0.376	1.144
4828	-0.513	1.136
4829	-0.531	1.078
4830	-0.711	1.130
4831	-0.478	1.103
4832	-0.316	1.200
4833	-0.340	1.148
4834	-0.449	1.080
4835	-0.672	1.018
4836	-0.697	1.174
4837	-0.529	1.182
4838	-0.460	1.103
4839	-0.799	1.160
4840	-0.834	1.062
4841	-0.196	1.055
4842	-0.443	1.151
4843	-0.664	1.115
4844	-0.592	1.145
4845	-0.600	1.153
4846	-0.771	1.096
4847	-0.574	1.118
4848	-0.325	1.097
4849	-1.012	1.157
4850	-0.737	1.078
4851	-0.696	1.148
4852	-0.809	1.170
4853	-0.224	1.092
4854	-0.360	1.080
4855	-0.601	1.177
4856	-0.579	1.076
4857	-0.798	1.092
4858	-0.505	1.053
4859	-0.438	1.094
4860	-0.435	1.100
4861	-0.410	1.148
4862	-0.444	1.074
4863	-0.721	1.071
4864	-0.477	1.074
4865	-0.442	1.055
4866	-0.580	1.175
4867	-0.816	1.073
4868	-0.557	1.148
4869	-0.766	1.042
4870	-0.206	1.166
4871	-0.410	1.051
4872	-0.605	1.078
4873	-0.854	1.110
4874	-0.714	1.083
4875	-0.421	1.147
4876	-0.591	1.133
4877	-0.814	1.131
4878	-0.732	1.022
4879	-0.644	1.083
4880	-0.575	1.139
4881	-0.653	1.106
4882	-0.785	1.147
4883	-0.278	1.162
4884	-0.486	1.119
4885	-0.756	1.110
4886	-1.037	1.122
4887	-0.617	1.155
4888	-0.296	1.110
4889	-0.713	1.104
4890	-0.855	1.068
4891	-0.686	1.193
4892	-0.537	1.086
4893	-0.476	1.099
4894	-0.330	1.130
4895	-0.533	1.098
4896	-0.355	1.077
4897	-0.775	1.162
4898	-0.444	1.078
4899	-0.393	1.073
4900	-0.580	1.073
4901	-0.565	1.114
4902	-0.332	1.089
4903	-0.747	1.174
4904	-0.549	1.196
4905	-0.899	1.030
4906	-0.628	1.124
4907	-0.408	1.145
4908	-0.814	1.171
4909	-0.943	1.082
4910	-0.423	1.095
4911	-0.787	1.142
4912	-0.540	1.051
4913	-0.827	1.076
4914	-0.712	1.104
4915	-0.552	1.147
4916	-0.672	1.033
4917	-0.839	1.090
4918	-0.628	1.138
4919	-0.678	1.137
4920	-0.857	1.125
4921	-0.451	1.137
4922	-0.413	1.132
4923	-0.926	1.108
4924	-0.455	1.045
4925	-0.632	1.083
4926	-0.445	1.138
4927	-0.555	1.157
4928	-0.776	1.128
4929	-0.446	1.072
4930	-0.714	1.147
4931	-0.847	1.161
4932	-0.027	1.112
4933	-0.373	1.088
4934	-1.064	1.147
4935	-0.649	1.056
4936	-0.588	1.130
4937	-0.990	1.160
4938	-0.728	1.047
4939	-0.964	1.087
4940	-0.714	1.091
4941	-0.827	1.105
4942	-0.483	1.100
4943	-0.838	1.086
4944	-0.838	1.134
4945	-0.798	1.112
4946	-0.445	1.093
4947	-0.391	1.111
4948	-0.446	1.130
4949	-0.320	1.074
4950	-0.881	1.127
4951	-0.750	1.095
4952	-0.602	1.155
4953	-0.680	1.166
4954	-0.559	1.135
4955	-0.896	1.023
4956	-0.660	1.181
4957	-0.767	1.088
4958	-0.273	1.127
4959	-0.563	1.172
4960	-0.362	1.143
4961	-0.488	1.106
4962	-0.479	1.037
4963	-0.731	1.168
4964	-0.621	1.091
4965	-0.622	1.082
4966	-0.663	1.091
4967	-1.107	1.181
4968	-0.676	1.119
4969	-0.423	1.112
4970	-0.614	1.220
4971	-0.619	1.124
4972	-0.290	1.101
4973	-0.905	1.080
4974	-0.595	1.161
4975	-1.014	1.100
4976	-0.780	1.149
4977	-0.994	1.081
4978	-1.032	1.065
4979	-0.543	1.133
4980	-0.628	1.054
4981	-0.060	1.098
4982	-0.809	1.126
4983	-0.953	1.082
4984	-0.849	1.134
4985	-0.514	1.009
4986	-0.620	1.059
4987	-1.180	1.136
4988	-0.554	1.195
4989	-0.405	1.107
4990	-0.398	1.016
4991	-0.491	1.064
4992	-0.591	1.244
4993	-0.245	1.096
4994	-0.893	1.144
4995	-0.677	1.051
4996	-0.300	1.137
4997	-1.104	1.130
4998	-0.471	1.078
4999	-0.753	1.138
