1.0	0.627	1.171
2.0	-0.504	1.082
3.0	-0.554	1.113
4.0	-0.696	1.095
5.0	-0.912	1.076
6.0	-0.357	1.080
7.0	-0.551	1.155
8.0	-0.747	1.084
9.0	-0.678	1.138
10.0	-0.681	1.102
11.0	-0.590	1.089
12.0	-0.666	1.097
13.0	-0.555	1.117
14.0	-0.898	1.112
15.0	-0.816	1.077
16.0	-0.741	1.096
17.0	0.886	1.058
18.0	0.872	1.101
19.0	0.485	1.184
20.0	0.436	1.089
21.0	-0.497	1.082
22.0	-0.654	1.063
23.0	0.541	1.049
24.0	0.688	1.113
25.0	-0.462	1.108
26.0	0.333	1.056
27.0	0.494	1.188
28.0	-0.533	1.089
29.0	0.553	1.088
30.0	-0.757	1.052
31.0	-0.408	1.156
32.0	-0.557	1.086
33.0	-0.570	1.194
34.0	0.219	1.123
35.0	0.708	1.118
36.0	0.924	1.118
37.0	0.948	1.097
38.0	1.186	1.159
39.0	0.854	1.057
40.0	0.786	1.176
41.0	0.884	1.048
42.0	0.831	1.045
43.0	0.192	1.152
44.0	-0.755	1.171
45.0	-1.022	1.131
46.0	-0.758	1.158
47.0	-0.837	1.117
48.0	-0.532	1.072
49.0	0.645	1.148
50.0	0.827	1.084
51.0	0.755	1.082
52.0	0.476	1.149
53.0	0.611	1.072
54.0	-0.136	1.113
55.0	0.293	1.111
56.0	-0.210	1.067
57.0	0.257	1.101
58.0	-0.587	1.125
59.0	-0.895	1.067
60.0	-0.577	1.082
61.0	0.259	1.145
62.0	0.605	1.078
63.0	0.698	1.104
64.0	0.635	1.097
65.0	0.444	1.159
66.0	0.388	1.137
67.0	-0.585	1.086
68.0	-0.254	1.120
69.0	0.456	1.151
70.0	0.431	1.100
71.0	0.329	1.088
72.0	0.540	1.082
73.0	0.398	1.152
74.0	-0.266	1.064
75.0	-0.170	1.168
76.0	-0.509	1.116
77.0	-0.466	1.137
78.0	-0.401	1.094
79.0	-0.583	1.100
80.0	-0.512	1.151
81.0	-0.612	1.075
82.0	-0.800	1.142
83.0	-0.453	1.098
84.0	-0.509	1.047
85.0	-0.641	1.074
86.0	-0.760	1.119
87.0	-0.514	1.098
88.0	-0.574	1.105
89.0	-0.576	1.139
90.0	-0.449	1.087
91.0	-0.322	1.113
92.0	-0.758	1.069
93.0	-0.806	1.106
94.0	-0.761	1.101
95.0	-0.773	1.069
96.0	-1.007	1.147
97.0	-0.527	1.124
98.0	-0.883	1.156
99.0	0.480	1.072
100.0	-0.634	1.133
101.0	-0.755	1.079
102.0	-0.714	1.102
103.0	-0.574	1.100
104.0	-0.748	1.077
105.0	-0.719	1.114
106.0	0.738	1.103
107.0	0.758	1.149
108.0	0.556	1.112
109.0	0.430	1.083
110.0	0.931	1.066
111.0	1.014	1.060
112.0	0.733	1.112
113.0	0.761	1.068
114.0	0.434	1.094
115.0	0.508	1.066
116.0	-0.148	1.083
117.0	-0.769	1.162
118.0	-0.742	1.107
119.0	-0.546	1.117
120.0	0.760	1.136
121.0	0.558	1.080
122.0	0.602	1.085
123.0	0.709	1.115
124.0	0.911	1.115
125.0	0.981	1.154
126.0	1.074	1.118
127.0	0.811	1.105
128.0	0.897	1.110
129.0	1.003	1.071
130.0	0.969	1.126
131.0	0.825	1.122
132.0	0.769	1.096
133.0	0.604	1.168
134.0	0.247	1.045
135.0	0.690	1.135
136.0	0.599	1.124
137.0	0.281	1.096
138.0	0.652	1.096
139.0	0.825	1.159
140.0	0.626	1.101
141.0	0.574	1.171
142.0	0.649	1.122
143.0	0.288	1.038
144.0	-0.511	1.104
145.0	-0.926	1.134
146.0	-0.819	1.088
147.0	-0.668	1.111
148.0	-0.725	1.094
149.0	-0.914	1.083
150.0	-0.570	1.092
151.0	-0.228	1.148
152.0	-0.205	1.111
153.0	-0.751	1.080
154.0	-0.687	1.131
155.0	-0.859	1.063
156.0	-0.986	1.161
157.0	-0.383	1.118
158.0	-0.583	1.122
159.0	-0.639	1.070
160.0	-0.625	1.179
161.0	-0.831	1.127
162.0	-0.712	1.162
163.0	-0.639	1.116
164.0	-0.520	1.169
165.0	-0.765	1.069
166.0	-0.644	1.055
167.0	-0.672	1.154
168.0	0.348	1.073
169.0	0.342	1.103
170.0	0.583	1.132
171.0	0.268	1.126
172.0	0.391	1.140
173.0	0.742	1.099
174.0	0.468	1.114
175.0	0.671	1.132
176.0	0.786	1.135
177.0	0.751	1.148
178.0	0.960	1.129
179.0	0.673	1.088
180.0	0.541	1.097
181.0	0.845	1.094
182.0	0.985	1.078
183.0	0.426	1.132
184.0	0.495	1.061
185.0	-0.552	1.111
186.0	-0.444	1.070
187.0	-0.444	1.096
188.0	-0.904	1.134
189.0	-0.915	1.095
190.0	-0.886	1.089
191.0	-0.969	1.149
192.0	-0.417	1.071
193.0	-0.581	1.079
194.0	-0.518	1.094
195.0	-0.686	1.118
196.0	-0.863	1.106
197.0	-0.787	1.134
198.0	-0.576	1.083
199.0	0.570	1.046
200.0	0.874	1.105
201.0	-0.613	1.071
202.0	-0.609	1.176
203.0	-0.559	1.108
204.0	-0.515	1.052
205.0	-0.833	1.161
206.0	0.556	1.018
207.0	-0.056	1.169
208.0	-0.834	1.016
209.0	-1.055	1.140
210.0	-0.676	1.120
211.0	-0.955	1.128
212.0	-0.655	1.102
213.0	-0.853	1.095
214.0	-0.804	1.054
215.0	-0.868	1.093
216.0	-0.637	1.115
217.0	-0.643	1.069
218.0	-0.679	1.100
219.0	0.193	1.149
220.0	0.416	1.078
221.0	0.739	1.160
222.0	0.492	1.060
223.0	-0.668	1.086
224.0	0.268	1.119
225.0	-0.185	1.108
226.0	0.526	1.100
227.0	0.408	1.126
228.0	0.753	1.133
229.0	0.810	1.085
230.0	0.405	1.050
231.0	0.532	1.164
232.0	-0.282	1.054
233.0	0.936	1.116
234.0	0.748	1.117
235.0	0.942	1.086
236.0	0.705	1.127
237.0	0.418	1.125
238.0	0.520	1.035
239.0	0.566	1.127
240.0	-0.969	1.171
241.0	-0.480	1.116
242.0	-0.701	1.099
243.0	-0.727	1.125
244.0	-0.578	1.135
245.0	-0.194	1.126
246.0	-0.910	1.112
247.0	-0.677	1.089
248.0	-0.247	1.109
249.0	-0.587	1.120
250.0	-0.718	1.119
251.0	-0.702	1.139
252.0	0.518	1.110
253.0	0.888	1.112
254.0	0.485	1.126
255.0	0.768	1.100
256.0	-0.646	1.125
257.0	-0.546	1.109
258.0	-0.786	1.141
259.0	-0.920	1.072
260.0	-0.761	1.081
261.0	-0.724	1.145
262.0	-0.713	1.096
263.0	-0.672	1.078
264.0	-0.788	1.088
265.0	-0.701	1.082
266.0	-0.577	1.133
267.0	-0.770	1.106
268.0	-0.746	1.052
269.0	-0.356	1.163
270.0	-0.824	1.153
271.0	-0.789	1.053
272.0	-0.682	1.124
273.0	-0.571	1.070
274.0	-0.507	1.136
275.0	-0.692	1.075
276.0	-0.504	1.149
277.0	-0.588	1.086
278.0	-0.658	1.072
279.0	-0.752	1.046
280.0	-0.891	1.171
281.0	0.033	1.139
282.0	-0.088	1.203
283.0	-0.043	1.181
284.0	0.398	1.042
285.0	0.626	1.154
286.0	0.489	1.082
287.0	-0.465	1.062
288.0	0.675	1.126
289.0	0.469	1.121
290.0	0.839	1.132
291.0	0.396	1.072
292.0	-0.809	1.091
293.0	-0.875	1.147
294.0	-0.741	1.108
295.0	-0.730	1.049
296.0	-0.751	1.108
297.0	-0.510	1.118
298.0	-0.583	1.130
299.0	-0.787	1.079
300.0	-0.936	1.109
301.0	-0.858	1.071
302.0	-0.567	1.118
303.0	-0.287	1.085
304.0	-0.658	1.078
305.0	-0.904	1.114
306.0	-0.719	1.083
307.0	-0.017	1.079
308.0	-0.802	1.162
309.0	-0.671	1.101
310.0	-0.605	1.020
311.0	0.335	1.197
312.0	0.492	1.083
313.0	-0.754	1.083
314.0	-0.550	1.098
315.0	-0.491	1.061
316.0	-0.448	1.133
317.0	-0.527	1.104
318.0	-0.845	1.066
319.0	-0.343	1.155
320.0	-0.731	1.148
321.0	-0.071	1.093
322.0	0.500	1.113
323.0	0.082	1.042
324.0	-0.664	1.107
325.0	-0.656	1.075
326.0	-0.630	1.112
327.0	-0.757	1.083
328.0	-0.541	1.077
329.0	-0.522	1.091
330.0	-0.645	1.140
331.0	-0.688	1.098
332.0	0.655	1.117
333.0	0.466	1.112
334.0	0.403	1.069
335.0	0.691	1.090
336.0	0.464	1.152
337.0	0.730	1.061
338.0	0.889	1.103
339.0	0.464	1.136
340.0	0.748	1.068
341.0	0.641	1.086
342.0	0.785	1.116
343.0	0.691	1.104
344.0	0.904	1.082
345.0	0.855	1.092
346.0	-0.604	1.107
347.0	-0.435	1.128
348.0	-0.723	1.107
349.0	0.300	1.093
350.0	0.800	1.090
351.0	0.849	1.083
352.0	0.909	1.103
353.0	0.416	1.102
354.0	0.559	1.151
355.0	-0.103	1.049
356.0	-0.428	1.103
357.0	-0.475	1.088
358.0	0.191	1.100
359.0	-0.442	1.036
360.0	-0.406	1.132
361.0	0.758	1.167
362.0	0.575	1.113
363.0	0.616	1.099
364.0	-0.997	1.070
365.0	-0.429	1.169
366.0	-0.393	1.131
367.0	-0.639	1.115
368.0	-0.195	1.073
369.0	-0.314	1.185
370.0	-0.352	1.176
371.0	-0.617	1.101
372.0	-0.795	1.082
373.0	-0.688	1.082
374.0	-0.531	1.096
375.0	-0.669	1.120
376.0	-0.755	1.101
377.0	-0.654	1.092
378.0	-0.575	1.114
379.0	-0.617	1.080
380.0	-0.793	1.126
381.0	-0.497	1.126
382.0	-0.703	1.131
383.0	-0.961	1.077
384.0	-0.702	1.118
385.0	-0.610	1.127
386.0	-0.611	1.053
387.0	-0.446	1.104
388.0	-0.399	1.059
389.0	0.421	1.092
390.0	0.669	1.113
391.0	-0.104	1.133
392.0	-0.514	1.119
393.0	-0.463	1.154
394.0	0.538	1.071
395.0	0.645	1.045
396.0	0.550	1.114
397.0	-0.580	1.087
398.0	-0.535	1.121
399.0	-0.470	1.068
400.0	-0.713	1.082
401.0	-0.496	1.088
402.0	-0.419	1.105
403.0	-0.639	1.052
404.0	-0.975	1.130
405.0	-0.356	1.035
406.0	0.092	1.140
407.0	0.668	1.113
408.0	0.469	1.128
409.0	0.750	1.074
410.0	0.489	1.120
411.0	-0.841	1.127
412.0	-0.363	1.152
413.0	0.215	1.140
414.0	0.424	1.016
415.0	-0.686	1.126
416.0	-0.967	1.102
417.0	-0.682	1.081
418.0	-0.427	1.134
419.0	0.389	1.161
420.0	-0.352	1.074
421.0	0.490	1.115
422.0	0.676	1.094
423.0	0.628	1.122
424.0	-0.590	1.121
425.0	0.639	1.117
426.0	0.628	1.160
427.0	0.822	1.076
428.0	0.962	1.120
429.0	0.938	1.145
430.0	0.871	1.054
431.0	0.669	1.137
432.0	0.756	1.081
433.0	0.762	1.131
434.0	0.930	1.120
435.0	0.972	1.088
436.0	0.702	1.101
437.0	0.947	1.058
438.0	0.992	1.102
439.0	0.672	1.097
440.0	0.439	1.091
441.0	0.859	1.032
442.0	0.586	1.122
443.0	0.570	1.101
444.0	0.744	1.046
445.0	0.767	1.150
446.0	0.395	1.101
447.0	-0.677	1.108
448.0	-0.745	1.100
449.0	0.587	1.127
450.0	0.813	1.089
451.0	-0.746	1.056
452.0	-0.782	1.129
453.0	-0.789	1.062
454.0	-0.523	1.156
455.0	-0.543	1.103
456.0	-0.243	1.087
457.0	-0.709	1.155
458.0	0.601	1.096
459.0	0.808	1.060
460.0	0.718	1.117
461.0	1.082	1.093
462.0	0.601	1.117
463.0	0.675	1.091
464.0	0.737	1.123
465.0	0.631	1.070
466.0	0.734	1.108
467.0	0.650	1.141
468.0	0.539	1.080
469.0	0.589	1.127
470.0	0.695	1.082
471.0	0.517	1.061
472.0	0.823	1.141
473.0	0.904	1.108
474.0	0.753	1.094
475.0	0.733	1.116
476.0	0.830	1.072
477.0	0.568	1.033
478.0	0.345	1.114
479.0	0.667	1.130
480.0	0.037	1.137
481.0	-0.560	1.127
482.0	-0.743	1.102
483.0	-0.555	1.077
484.0	-0.762	1.155
485.0	-0.534	1.118
486.0	-0.838	1.039
487.0	-0.596	1.136
488.0	-0.586	1.111
489.0	-0.591	1.132
490.0	0.514	1.027
491.0	0.882	1.099
492.0	-0.231	1.148
493.0	0.366	1.113
494.0	0.570	1.121
495.0	0.504	1.070
496.0	0.563	1.101
497.0	0.764	1.112
498.0	0.625	1.089
499.0	0.666	1.126
500.0	0.872	1.093
501.0	0.411	1.069
502.0	0.959	1.161
503.0	1.188	1.123
504.0	0.459	1.072
505.0	0.773	1.111
506.0	0.595	1.107
507.0	0.419	1.124
508.0	0.594	1.113
509.0	0.482	1.106
510.0	0.569	1.124
511.0	-0.565	1.104
512.0	-0.739	1.162
513.0	-0.846	1.086
514.0	-0.982	1.110
515.0	-0.707	1.133
516.0	-0.514	1.089
517.0	0.540	1.078
518.0	0.602	1.075
519.0	0.743	1.162
520.0	0.625	1.084
521.0	0.555	1.128
522.0	0.260	1.131
523.0	0.688	1.117
524.0	-0.699	1.117
525.0	-0.486	1.076
526.0	-0.763	1.139
527.0	-0.853	1.048
528.0	-0.704	1.066
529.0	-0.749	1.113
530.0	-0.737	1.103
531.0	0.566	1.112
532.0	0.567	1.105
533.0	-0.009	1.119
534.0	0.543	1.047
535.0	-0.613	1.078
536.0	-0.703	1.107
537.0	-0.383	1.062
538.0	0.124	1.117
539.0	0.465	1.062
540.0	-0.410	1.131
541.0	-0.508	1.118
542.0	-0.343	1.134
543.0	-0.400	1.082
544.0	-0.735	1.107
545.0	-0.645	1.087
546.0	-0.689	1.085
547.0	-0.675	1.093
548.0	-0.622	1.100
549.0	-0.561	1.155
550.0	0.173	1.077
551.0	0.716	1.062
552.0	0.284	1.085
553.0	0.500	1.130
554.0	0.609	1.060
555.0	0.318	1.144
556.0	0.484	1.063
557.0	0.493	1.105
558.0	1.056	1.101
559.0	0.835	1.113
560.0	0.725	1.168
561.0	0.694	1.099
562.0	0.801	1.131
563.0	0.883	1.071
564.0	0.843	1.144
565.0	0.984	1.079
566.0	0.655	1.116
567.0	0.426	1.080
568.0	0.883	1.091
569.0	0.825	1.178
570.0	0.835	1.117
571.0	0.263	1.078
572.0	0.578	1.141
573.0	0.613	1.080
574.0	0.746	1.121
575.0	0.667	1.177
576.0	0.775	1.075
577.0	0.032	1.157
578.0	0.367	1.071
579.0	-0.457	1.138
580.0	-0.611	1.127
581.0	-0.618	1.122
582.0	-0.579	1.076
583.0	0.542	1.159
584.0	0.161	1.096
585.0	0.269	1.139
586.0	0.751	1.100
587.0	0.808	1.153
588.0	0.819	1.101
589.0	0.629	1.179
590.0	0.761	1.082
591.0	0.623	1.108
592.0	0.126	1.083
593.0	-0.724	1.151
594.0	-0.427	1.079
595.0	-0.552	1.093
596.0	-0.873	1.065
597.0	-0.676	1.161
598.0	-0.621	1.109
599.0	-1.017	1.125
600.0	-0.785	1.116
601.0	-0.833	1.130
602.0	-0.686	1.081
603.0	-0.541	1.091
604.0	-0.724	1.066
605.0	-0.450	1.109
606.0	-0.507	1.050
607.0	0.525	1.124
608.0	0.809	1.109
609.0	-0.738	1.170
610.0	0.623	1.085
611.0	0.618	1.164
612.0	0.456	1.109
613.0	0.975	1.096
614.0	0.800	1.142
615.0	0.659	1.140
616.0	0.574	1.124
617.0	0.604	1.120
618.0	0.842	1.114
619.0	0.796	1.036
620.0	0.479	1.125
621.0	0.093	1.168
622.0	0.593	1.106
623.0	0.671	1.100
624.0	0.638	1.115
625.0	0.387	1.076
626.0	0.859	1.094
627.0	0.791	1.161
628.0	0.741	1.070
629.0	0.804	1.117
630.0	0.803	1.101
631.0	0.430	1.094
632.0	0.610	1.103
633.0	0.489	1.155
634.0	0.393	1.128
635.0	0.648	1.134
636.0	0.153	1.108
637.0	0.419	1.098
638.0	0.531	1.124
639.0	0.484	1.107
640.0	0.486	1.141
641.0	0.464	1.024
642.0	-0.522	1.126
643.0	0.601	1.066
644.0	0.142	1.156
645.0	-0.693	1.071
646.0	-0.583	1.067
647.0	-0.246	1.090
648.0	0.750	1.024
649.0	-0.688	1.089
650.0	-0.748	1.151
651.0	-0.532	1.156
652.0	-0.339	1.129
653.0	-0.543	1.141
654.0	-0.422	1.126
655.0	0.462	1.069
656.0	0.555	1.151
657.0	0.868	1.073
658.0	0.901	1.113
659.0	0.590	1.096
660.0	0.608	1.086
661.0	0.511	1.127
662.0	0.505	1.072
663.0	0.561	1.113
664.0	0.727	1.115
665.0	0.431	1.117
666.0	0.388	1.101
667.0	0.750	1.165
668.0	0.376	1.075
669.0	0.422	1.152
670.0	-0.260	1.178
671.0	-0.309	1.051
672.0	-0.733	1.171
673.0	-0.739	1.102
674.0	-0.878	1.077
675.0	-0.779	1.106
676.0	-0.578	1.056
677.0	-0.480	1.091
678.0	0.785	1.123
679.0	0.912	1.086
680.0	0.504	1.092
681.0	-0.589	1.082
682.0	-0.669	1.065
683.0	-0.618	1.151
684.0	-0.617	1.111
685.0	-0.847	1.142
686.0	-0.875	1.079
687.0	-0.752	1.089
688.0	-0.511	1.091
689.0	-0.644	1.180
690.0	-0.597	1.036
691.0	1.039	1.166
692.0	0.882	1.140
693.0	0.799	1.117
694.0	0.868	1.143
695.0	0.782	1.074
696.0	0.627	1.116
697.0	0.588	1.126
698.0	0.831	1.079
699.0	0.544	1.099
700.0	1.090	1.123
701.0	0.954	1.111
702.0	0.563	1.143
703.0	-0.778	1.091
704.0	-0.679	1.157
705.0	-0.821	1.039
706.0	0.622	1.144
707.0	-0.674	1.154
708.0	-0.714	1.101
709.0	-0.495	1.110
710.0	-0.747	1.085
711.0	-0.511	1.121
712.0	0.690	1.132
713.0	0.757	1.087
714.0	0.485	1.114
715.0	0.881	1.023
716.0	0.645	1.134
717.0	0.891	1.107
718.0	0.902	1.116
719.0	1.135	1.142
720.0	0.959	1.074
721.0	0.874	1.168
722.0	-0.035	1.073
723.0	0.553	1.104
724.0	0.866	1.112
725.0	0.679	1.140
726.0	0.808	1.049
727.0	0.684	1.117
728.0	0.855	1.083
729.0	0.744	1.085
730.0	0.628	1.089
731.0	0.447	1.099
732.0	0.008	1.114
733.0	-0.750	1.136
734.0	-0.484	1.085
735.0	-0.747	1.142
736.0	-0.736	1.097
737.0	-0.990	1.087
738.0	-0.781	1.083
739.0	-0.418	1.075
740.0	-0.832	1.112
741.0	-0.618	1.050
742.0	-0.463	1.162
743.0	0.469	1.085
744.0	0.930	1.113
745.0	0.929	1.108
746.0	0.635	1.097
747.0	0.437	1.087
748.0	0.604	1.093
749.0	0.825	1.083
750.0	0.945	1.078
751.0	0.602	1.104
752.0	0.871	1.123
753.0	0.622	1.077
754.0	-0.825	1.109
755.0	-0.735	1.021
756.0	-0.143	1.123
757.0	-0.844	1.098
758.0	-0.418	1.103
759.0	-0.313	1.107
760.0	-0.346	1.093
761.0	-0.726	1.125
762.0	-0.689	1.110
763.0	-0.508	1.057
764.0	0.678	1.084
765.0	-0.560	1.081
766.0	-0.922	1.102
767.0	-0.692	1.084
768.0	-0.728	1.100
769.0	-0.995	1.127
770.0	0.658	1.139
771.0	0.607	1.063
772.0	0.972	1.076
773.0	0.461	1.129
774.0	0.777	1.124
775.0	0.726	1.119
776.0	0.754	1.143
777.0	0.538	1.092
778.0	-0.493	1.102
779.0	-0.376	1.151
780.0	0.151	1.076
781.0	0.461	1.142
782.0	-0.607	1.122
783.0	-0.868	1.082
784.0	-0.867	1.086
785.0	-0.520	1.073
786.0	-0.877	1.070
787.0	-0.654	1.099
788.0	-0.679	1.073
789.0	-0.465	1.128
790.0	-0.923	1.053
791.0	-0.530	1.127
792.0	-0.388	1.109
793.0	-0.616	1.085
794.0	-0.667	1.093
795.0	-0.702	1.096
796.0	-0.802	1.086
797.0	-0.612	1.105
798.0	-0.604	1.101
799.0	-0.788	1.035
800.0	-0.594	1.140
801.0	-0.631	1.153
802.0	0.618	1.051
803.0	0.940	1.171
804.0	0.737	1.050
805.0	0.937	1.144
806.0	1.024	1.104
807.0	0.688	1.079
808.0	0.675	1.211
809.0	0.487	1.111
810.0	0.780	1.095
811.0	1.016	1.150
812.0	0.725	1.076
813.0	0.583	1.080
814.0	0.781	1.097
815.0	0.638	1.101
816.0	0.708	1.064
817.0	0.440	1.152
818.0	0.453	1.139
819.0	0.164	1.080
820.0	-0.722	1.163
821.0	-0.171	1.069
822.0	0.068	1.075
823.0	-1.014	1.074
824.0	-0.748	1.148
825.0	-0.943	1.096
826.0	-0.774	1.191
827.0	-1.142	1.159
828.0	-0.757	1.091
829.0	-0.817	1.083
830.0	0.706	1.093
831.0	0.323	1.076
832.0	0.551	1.096
833.0	-0.528	1.062
834.0	-0.688	1.074
835.0	-0.542	1.170
836.0	-0.995	1.036
837.0	-1.047	1.120
838.0	-1.069	1.101
839.0	-0.713	1.096
840.0	-0.454	1.148
841.0	-0.948	1.044
842.0	-0.936	1.131
843.0	-1.107	1.106
844.0	-1.192	1.061
845.0	-0.891	1.018
846.0	-0.634	1.209
847.0	-0.663	1.085
848.0	-0.814	1.178
849.0	-0.564	1.063
850.0	-0.394	1.132
851.0	-0.820	1.199
852.0	-0.686	1.097
853.0	-0.814	1.149
854.0	-0.870	1.106
855.0	-0.379	1.096
856.0	0.742	1.076
857.0	0.288	1.095
858.0	0.815	1.138
859.0	0.298	1.159
860.0	-0.632	1.103
861.0	-0.755	1.072
862.0	0.591	1.079
863.0	-0.256	1.093
864.0	-0.711	1.112
865.0	0.789	1.153
866.0	0.929	1.072
867.0	0.119	1.062
868.0	0.339	1.110
869.0	0.526	1.145
870.0	0.280	1.117
871.0	0.300	1.103
872.0	-0.238	1.104
873.0	-0.778	1.118
874.0	-0.565	1.116
875.0	-0.424	1.067
876.0	-0.516	1.053
877.0	-0.770	1.098
878.0	-0.703	1.067
879.0	-0.619	1.092
880.0	-0.516	1.175
881.0	-0.785	1.119
882.0	-0.595	1.131
883.0	-0.694	1.050
884.0	-0.988	1.052
885.0	-0.941	1.117
886.0	-0.727	1.189
887.0	-0.611	1.070
888.0	-0.528	1.141
889.0	0.290	1.092
890.0	0.534	1.146
891.0	-0.054	1.096
892.0	0.697	1.098
893.0	0.534	1.132
894.0	0.071	1.091
895.0	0.739	1.148
896.0	0.668	1.125
897.0	0.589	1.098
898.0	0.631	1.114
899.0	0.882	1.116
900.0	0.714	1.099
901.0	0.820	1.113
902.0	0.690	1.097
903.0	0.656	1.075
904.0	0.622	1.084
905.0	0.665	1.136
906.0	-0.476	1.077
907.0	-0.455	1.054
908.0	-0.533	1.090
909.0	-0.804	1.154
910.0	-0.588	1.147
911.0	-0.716	1.045
912.0	-0.621	1.070
913.0	-0.533	1.150
914.0	0.770	1.156
915.0	0.897	1.098
916.0	0.687	1.091
917.0	0.643	1.087
918.0	0.708	1.112
919.0	0.891	1.114
920.0	0.783	1.049
921.0	0.794	1.102
922.0	0.182	1.087
923.0	0.541	1.124
924.0	0.496	1.062
925.0	0.681	1.111
926.0	0.998	1.120
927.0	0.651	1.071
928.0	0.374	1.115
929.0	-0.406	1.063
930.0	-0.689	1.127
931.0	-0.797	1.165
932.0	-0.177	1.108
933.0	-0.257	1.131
934.0	-0.939	1.153
935.0	-0.680	1.121
936.0	-0.549	1.133
937.0	-0.732	1.108
938.0	-0.621	1.169
939.0	-0.676	1.086
940.0	-0.570	1.113
941.0	0.716	1.116
942.0	0.662	1.040
943.0	0.600	1.078
944.0	0.613	1.059
945.0	0.510	1.086
946.0	-0.479	1.087
947.0	-0.939	1.084
948.0	-0.482	1.167
949.0	-0.835	1.097
950.0	-0.751	1.198
951.0	-0.750	1.082
952.0	-0.263	1.024
953.0	-0.584	1.144
954.0	-0.494	1.036
955.0	-0.733	1.135
956.0	-0.598	1.133
957.0	-0.771	1.140
958.0	-0.759	1.098
959.0	-0.828	1.101
960.0	-0.685	1.064
961.0	-0.572	1.106
962.0	-0.841	1.117
963.0	0.467	1.138
964.0	0.223	1.104
965.0	-0.210	1.175
966.0	0.448	1.087
967.0	0.676	1.119
968.0	0.866	1.140
969.0	0.568	1.083
970.0	0.619	1.156
971.0	1.114	1.116
972.0	0.808	1.153
973.0	1.047	1.094
974.0	0.764	1.128
975.0	0.505	1.078
976.0	0.542	1.096
977.0	0.642	1.075
978.0	0.457	1.143
979.0	0.502	1.090
980.0	0.689	1.076
981.0	0.801	1.146
982.0	0.727	1.096
983.0	0.413	1.077
984.0	0.572	1.123
985.0	0.498	1.132
986.0	0.595	1.092
987.0	0.925	1.086
988.0	1.011	1.176
989.0	0.295	1.162
990.0	0.704	1.143
991.0	0.640	1.079
992.0	0.549	1.148
993.0	0.733	1.127
994.0	0.786	1.093
995.0	0.325	1.083
996.0	0.554	1.117
997.0	0.497	1.050
998.0	0.656	1.135
999.0	0.428	1.092
1000.0	0.685	1.108
1001.0	0.358	1.096
1002.0	0.615	1.068
1003.0	-0.722	1.099
1004.0	-0.746	1.153
1005.0	-0.710	1.126
1006.0	-0.486	1.097
1007.0	-0.659	1.133
1008.0	-0.691	1.081
1009.0	-1.069	1.109
1010.0	-0.770	1.126
1011.0	-0.963	1.174
1012.0	-0.530	1.118
1013.0	-0.617	1.114
1014.0	0.767	1.109
1015.0	0.594	1.049
1016.0	0.740	1.136
1017.0	0.483	1.100
1018.0	0.674	1.109
1019.0	0.777	1.070
1020.0	1.017	1.085
1021.0	0.644	1.125
1022.0	0.098	1.089
1023.0	0.435	1.127
1024.0	0.797	1.140
1025.0	0.684	1.081
1026.0	0.591	1.111
1027.0	-0.817	1.144
1028.0	-0.467	1.123
1029.0	-0.692	1.101
1030.0	-0.726	1.108
1031.0	-0.375	1.092
1032.0	-0.553	1.074
1033.0	0.357	1.086
1034.0	-0.703	1.103
1035.0	-0.588	1.095
1036.0	-0.640	1.100
1037.0	0.280	1.104
1038.0	-0.558	1.153
1039.0	-0.693	1.125
1040.0	-0.773	1.133
1041.0	-0.485	1.075
1042.0	-0.711	1.204
1043.0	-0.601	1.075
1044.0	-0.570	1.162
1045.0	-0.766	1.080
1046.0	-0.856	1.076
1047.0	-0.367	1.112
1048.0	-1.001	1.082
1049.0	-0.628	1.114
1050.0	-0.732	1.103
1051.0	-0.595	1.111
1052.0	-0.800	1.165
1053.0	-0.414	1.106
1054.0	-0.706	1.081
1055.0	-0.552	1.124
1056.0	-0.059	1.107
1057.0	0.834	1.058
1058.0	0.742	1.098
1059.0	0.624	1.101
1060.0	1.193	1.086
1061.0	1.081	1.101
1062.0	0.640	1.147
1063.0	-0.031	1.063
1064.0	0.590	1.070
1065.0	0.597	1.097
1066.0	0.333	1.148
1067.0	0.523	1.076
1068.0	0.595	1.180
1069.0	0.602	1.108
1070.0	0.226	1.144
1071.0	-0.587	1.058
1072.0	0.523	1.135
1073.0	0.603	1.175
1074.0	0.646	1.107
1075.0	0.547	1.123
1076.0	0.913	1.166
1077.0	-0.732	1.080
1078.0	-0.780	1.081
1079.0	-0.390	1.119
1080.0	-0.734	1.054
1081.0	-0.496	1.095
1082.0	-0.473	1.096
1083.0	-0.775	1.119
1084.0	-0.904	1.128
1085.0	-0.316	1.081
1086.0	-0.477	1.086
1087.0	-0.765	1.107
1088.0	-0.741	1.084
1089.0	0.616	1.163
1090.0	0.734	1.086
1091.0	0.421	1.102
1092.0	0.556	1.173
1093.0	1.096	1.063
1094.0	0.508	1.099
1095.0	-0.545	1.039
1096.0	-0.116	1.099
1097.0	0.570	1.094
1098.0	0.862	1.093
1099.0	0.570	1.100
1100.0	0.616	1.101
1101.0	0.621	1.129
1102.0	0.234	1.058
1103.0	0.675	1.152
1104.0	0.706	1.066
1105.0	0.992	1.150
1106.0	0.830	1.061
1107.0	0.640	1.146
1108.0	0.605	1.139
1109.0	0.880	1.153
1110.0	0.874	1.160
1111.0	0.730	1.062
1112.0	0.698	1.126
1113.0	0.594	1.079
1114.0	1.123	1.151
1115.0	0.877	1.063
1116.0	1.045	1.090
1117.0	1.049	1.160
1118.0	0.464	1.150
1119.0	0.751	1.042
1120.0	0.607	1.114
1121.0	1.133	1.112
1122.0	0.707	1.158
1123.0	0.313	1.140
1124.0	0.781	1.059
1125.0	0.863	1.132
1126.0	-0.201	1.181
1127.0	-0.648	1.094
1128.0	-0.855	1.099
1129.0	-0.802	1.083
1130.0	-0.677	1.091
1131.0	0.623	1.119
1132.0	0.639	1.103
1133.0	0.462	1.147
1134.0	-0.873	1.060
1135.0	-0.465	1.087
1136.0	-0.572	1.128
1137.0	-0.709	1.069
1138.0	0.577	1.074
1139.0	0.713	1.152
1140.0	0.725	1.081
1141.0	0.681	1.147
1142.0	0.467	1.035
1143.0	-0.137	1.109
1144.0	-0.625	1.065
1145.0	-0.632	1.099
1146.0	-0.477	1.104
1147.0	0.330	1.100
1148.0	-0.262	1.109
1149.0	-0.307	1.041
1150.0	0.627	1.119
1151.0	0.540	1.112
1152.0	0.693	1.125
1153.0	0.931	1.087
1154.0	0.354	1.069
1155.0	0.848	1.105
1156.0	0.428	1.091
1157.0	0.510	1.120
1158.0	0.853	1.056
1159.0	0.965	1.139
1160.0	0.721	1.146
1161.0	0.876	1.086
1162.0	0.485	1.138
1163.0	0.494	1.093
1164.0	-0.296	1.132
1165.0	-0.567	1.087
1166.0	-0.677	1.121
1167.0	-0.727	1.090
1168.0	-0.683	1.106
1169.0	-0.749	1.086
1170.0	-0.686	1.109
1171.0	-0.550	1.110
1172.0	-1.107	1.109
1173.0	-0.674	1.078
1174.0	-0.897	1.064
1175.0	-0.897	1.116
1176.0	-0.644	1.016
1177.0	-0.703	1.139
1178.0	-0.681	1.114
1179.0	-0.787	1.113
1180.0	-0.657	1.143
1181.0	-0.744	1.101
1182.0	-0.583	1.098
1183.0	-0.413	1.136
1184.0	-0.688	1.086
1185.0	-0.876	1.074
1186.0	-0.851	1.163
1187.0	-0.353	1.105
1188.0	-0.498	1.133
1189.0	-0.619	1.089
1190.0	0.534	1.128
1191.0	0.670	1.135
1192.0	0.745	1.072
1193.0	0.511	1.105
1194.0	0.565	1.122
1195.0	0.440	1.146
1196.0	0.666	1.089
1197.0	1.047	1.092
1198.0	-0.301	1.088
1199.0	-0.885	1.104
1200.0	-0.657	1.087
1201.0	-0.609	1.105
1202.0	-0.867	1.043
1203.0	-0.551	1.109
1204.0	-0.420	1.116
1205.0	-0.307	1.085
1206.0	-0.384	1.096
1207.0	-0.358	1.094
1208.0	-0.617	1.103
1209.0	0.714	1.081
1210.0	-0.519	1.060
1211.0	0.396	1.071
1212.0	0.627	1.067
1213.0	0.620	1.136
1214.0	0.724	1.063
1215.0	-0.200	1.101
1216.0	-0.713	1.097
1217.0	-0.771	1.094
1218.0	-0.591	1.095
1219.0	-0.385	1.116
1220.0	-0.349	1.114
1221.0	-0.602	1.104
1222.0	-0.791	1.146
1223.0	-0.719	1.079
1224.0	-0.328	1.089
1225.0	0.503	1.115
1226.0	0.795	1.076
1227.0	0.879	1.126
1228.0	0.547	1.091
1229.0	0.820	1.119
1230.0	0.785	1.084
1231.0	0.731	1.078
1232.0	0.601	1.118
1233.0	0.474	1.104
1234.0	0.670	1.037
1235.0	-0.465	1.084
1236.0	-0.596	1.101
1237.0	-0.624	1.113
1238.0	-0.850	1.106
1239.0	-0.339	1.168
1240.0	-0.464	1.046
1241.0	-0.621	1.147
1242.0	-0.527	1.107
1243.0	-0.630	1.121
1244.0	0.323	1.116
1245.0	0.503	1.108
1246.0	0.407	1.041
1247.0	0.249	1.130
1248.0	0.511	1.074
1249.0	0.586	1.087
1250.0	0.657	1.139
1251.0	-0.315	1.159
1252.0	0.267	1.111
1253.0	0.689	1.092
1254.0	0.782	1.169
1255.0	0.712	1.124
1256.0	0.475	1.121
1257.0	0.455	1.083
1258.0	-0.091	1.105
1259.0	0.542	1.110
1260.0	0.674	1.050
1261.0	0.067	1.115
1262.0	-0.793	1.125
1263.0	-0.366	1.105
1264.0	-0.684	1.123
1265.0	-0.117	1.079
1266.0	0.158	1.061
1267.0	-0.714	1.086
1268.0	-0.619	1.136
1269.0	-0.592	1.118
1270.0	-0.518	1.090
1271.0	-0.501	1.098
1272.0	-0.209	1.132
1273.0	0.441	1.044
1274.0	-0.529	1.132
1275.0	0.818	1.028
1276.0	-0.326	1.137
1277.0	-0.564	1.117
1278.0	-0.390	1.072
1279.0	-0.472	1.108
1280.0	-0.685	1.099
1281.0	0.225	1.101
1282.0	0.341	1.100
1283.0	0.210	1.100
1284.0	-0.597	1.133
1285.0	-0.731	1.103
1286.0	-0.433	1.095
1287.0	-0.482	1.087
1288.0	-0.469	1.093
1289.0	-0.737	1.090
1290.0	-0.890	1.127
1291.0	-0.993	1.022
1292.0	-0.470	1.128
1293.0	-0.754	1.072
1294.0	-0.415	1.165
1295.0	-0.313	1.125
1296.0	0.918	1.132
1297.0	0.869	1.085
1298.0	0.641	1.108
1299.0	0.666	1.049
1300.0	0.152	1.123
1301.0	-0.633	1.131
1302.0	-0.418	1.132
1303.0	-0.534	1.087
1304.0	-0.699	1.075
1305.0	0.387	1.145
1306.0	0.481	1.069
1307.0	0.640	1.117
1308.0	0.662	1.131
1309.0	1.035	1.149
1310.0	1.076	1.069
1311.0	0.838	1.153
1312.0	1.104	1.121
1313.0	0.857	1.111
1314.0	0.535	1.038
1315.0	0.782	1.164
1316.0	0.869	1.036
1317.0	0.601	1.146
1318.0	0.947	1.060
1319.0	-0.598	1.090
1320.0	-0.414	1.076
1321.0	-0.491	1.097
1322.0	-0.955	1.073
1323.0	-0.805	1.109
1324.0	-0.713	1.114
1325.0	0.713	1.102
1326.0	0.597	1.086
1327.0	0.920	1.146
1328.0	0.927	1.038
1329.0	0.939	1.133
1330.0	0.730	1.096
1331.0	0.289	1.086
1332.0	0.818	1.131
1333.0	0.859	1.105
1334.0	0.809	1.126
1335.0	0.679	1.108
1336.0	0.234	1.147
1337.0	-0.484	1.071
1338.0	0.684	1.132
1339.0	-0.596	1.177
1340.0	-0.645	1.120
1341.0	-0.984	1.110
1342.0	-0.502	1.084
1343.0	-0.830	1.113
1344.0	0.690	1.141
1345.0	1.060	1.137
1346.0	0.647	1.224
1347.0	0.767	1.079
1348.0	0.841	1.105
1349.0	0.665	1.103
1350.0	0.646	1.076
1351.0	-0.800	1.131
1352.0	-0.818	1.107
1353.0	-0.691	1.078
1354.0	-0.573	1.142
1355.0	-0.552	1.138
1356.0	-0.816	1.096
1357.0	-1.191	1.070
1358.0	-0.924	1.165
1359.0	-0.774	1.111
1360.0	-0.571	1.099
1361.0	-0.669	1.106
1362.0	-0.770	1.106
1363.0	-1.133	1.079
1364.0	-0.875	1.078
1365.0	-0.956	1.140
1366.0	-0.523	1.126
1367.0	-0.523	1.064
1368.0	0.677	1.108
1369.0	-0.563	1.025
1370.0	-0.718	1.069
1371.0	-0.695	1.086
1372.0	-0.373	1.092
1373.0	-0.549	1.054
1374.0	-0.660	1.102
1375.0	-0.576	1.223
1376.0	-1.048	1.105
1377.0	-0.510	1.071
1378.0	-0.741	1.115
1379.0	-0.936	1.124
1380.0	-0.835	1.071
1381.0	0.659	1.102
1382.0	0.110	1.123
1383.0	0.542	1.066
1384.0	0.779	1.134
1385.0	0.661	1.070
1386.0	0.655	1.109
1387.0	0.602	1.131
1388.0	0.496	1.015
1389.0	0.612	1.149
1390.0	-0.446	1.052
1391.0	0.429	1.139
1392.0	0.731	1.071
1393.0	0.588	1.115
1394.0	0.782	1.109
1395.0	0.552	1.098
1396.0	0.768	1.090
1397.0	0.688	1.059
1398.0	0.820	1.058
1399.0	0.107	1.109
1400.0	0.306	1.143
1401.0	0.626	1.132
1402.0	0.579	1.085
1403.0	-0.704	1.133
1404.0	0.539	1.146
1405.0	-0.573	1.072
1406.0	-0.903	1.139
1407.0	-0.839	1.060
1408.0	-0.964	1.135
1409.0	-0.646	1.062
1410.0	-0.880	1.100
1411.0	-0.136	1.070
1412.0	0.331	1.047
1413.0	0.120	1.102
1414.0	-0.097	1.105
1415.0	-0.536	1.082
1416.0	-0.700	1.081
1417.0	-0.752	1.092
1418.0	-0.878	1.098
1419.0	-0.783	1.107
1420.0	-0.560	1.191
1421.0	-0.320	1.164
1422.0	-0.052	1.128
1423.0	-0.638	1.083
1424.0	-0.716	1.171
1425.0	-0.661	1.116
1426.0	-0.453	1.136
1427.0	-0.638	1.111
1428.0	-0.354	1.115
1429.0	-0.680	1.105
1430.0	-0.848	1.121
1431.0	0.055	1.094
1432.0	-0.410	1.138
1433.0	-0.508	1.138
1434.0	-0.379	1.057
1435.0	-0.449	1.151
1436.0	-0.622	1.051
1437.0	0.425	1.106
1438.0	-0.210	1.149
1439.0	0.374	1.072
1440.0	0.793	1.095
1441.0	0.451	1.067
1442.0	0.811	1.147
1443.0	0.513	1.079
1444.0	0.736	1.146
1445.0	0.589	1.117
1446.0	0.629	1.115
1447.0	0.808	1.110
1448.0	0.730	1.090
1449.0	0.792	1.144
1450.0	0.871	1.117
1451.0	0.321	1.100
1452.0	0.712	1.082
1453.0	0.763	1.054
1454.0	0.857	1.110
1455.0	0.741	1.107
1456.0	1.019	1.086
1457.0	0.528	1.157
1458.0	0.800	1.157
1459.0	0.676	1.079
1460.0	0.806	1.071
1461.0	0.432	1.137
1462.0	-0.722	1.100
1463.0	-0.597	1.118
1464.0	-0.716	1.144
1465.0	-0.471	1.140
1466.0	-0.591	1.072
1467.0	-0.761	1.081
1468.0	-0.473	1.105
1469.0	-0.783	1.150
1470.0	-0.368	1.098
1471.0	-0.539	1.108
1472.0	-0.621	1.153
1473.0	-0.707	1.138
1474.0	-0.899	1.088
1475.0	-0.657	1.125
1476.0	-1.002	1.076
1477.0	-1.164	1.131
1478.0	-0.160	1.141
1479.0	0.503	1.089
1480.0	0.317	1.049
1481.0	0.627	1.094
1482.0	-0.667	1.095
1483.0	-0.346	1.080
1484.0	-0.843	1.077
1485.0	0.293	1.128
1486.0	0.681	1.087
1487.0	-0.507	1.064
1488.0	-0.747	1.058
1489.0	-0.932	1.153
1490.0	-0.773	1.104
1491.0	-0.691	1.136
1492.0	-0.546	1.150
1493.0	-0.497	1.058
1494.0	0.278	1.122
1495.0	-0.295	1.056
1496.0	-0.537	1.174
1497.0	-0.357	1.101
1498.0	-0.769	1.111
1499.0	-0.540	1.080
1500.0	-0.558	1.177
1501.0	-0.726	1.143
1502.0	-0.910	1.156
1503.0	-0.834	1.085
1504.0	-1.014	1.115
1505.0	-1.014	1.136
1506.0	-0.666	1.052
1507.0	-0.168	1.193
1508.0	-0.706	1.117
1509.0	-0.484	1.197
1510.0	-0.549	1.117
1511.0	-0.764	1.114
1512.0	-0.839	1.107
1513.0	-0.734	1.177
1514.0	-0.613	1.129
1515.0	-1.002	1.130
1516.0	-0.842	1.166
1517.0	-0.510	1.142
1518.0	0.659	1.076
1519.0	0.488	1.118
1520.0	0.083	1.127
1521.0	0.477	1.144
1522.0	0.393	1.086
1523.0	0.355	1.074
1524.0	0.576	1.066
1525.0	0.470	1.142
1526.0	0.712	1.134
1527.0	0.622	1.122
1528.0	0.690	1.126
1529.0	0.716	1.113
1530.0	0.582	1.124
1531.0	0.691	1.091
1532.0	0.583	1.088
1533.0	0.822	1.121
1534.0	0.463	1.064
1535.0	0.683	1.133
1536.0	0.596	1.103
1537.0	0.672	1.141
1538.0	0.507	1.054
1539.0	0.701	1.129
1540.0	0.539	1.156
1541.0	0.417	1.074
1542.0	-0.683	1.093
1543.0	0.286	1.107
1544.0	0.581	1.082
1545.0	0.808	1.122
1546.0	0.586	1.083
1547.0	0.645	1.098
1548.0	0.465	1.127
1549.0	0.575	1.119
1550.0	0.746	1.041
1551.0	0.852	1.111
1552.0	-0.826	1.086
1553.0	0.484	1.067
1554.0	0.300	1.108
1555.0	-0.531	1.137
1556.0	-0.390	1.110
1557.0	-0.158	1.088
1558.0	-0.654	1.130
1559.0	-0.767	1.134
1560.0	-0.801	1.120
1561.0	-0.751	1.092
1562.0	-0.862	1.056
1563.0	0.367	1.071
1564.0	0.508	1.135
1565.0	0.722	1.098
1566.0	0.854	1.099
1567.0	0.867	1.103
1568.0	0.772	1.127
1569.0	0.805	1.082
1570.0	0.487	1.128
1571.0	0.397	1.043
1572.0	-0.329	1.076
1573.0	-0.535	1.139
1574.0	-0.678	1.105
1575.0	-0.574	1.076
1576.0	0.542	1.102
1577.0	0.926	1.058
1578.0	0.977	1.099
1579.0	0.518	1.119
1580.0	0.396	1.132
1581.0	0.663	1.107
1582.0	0.728	1.129
1583.0	0.423	1.050
1584.0	0.567	1.085
1585.0	0.776	1.123
1586.0	0.813	1.129
1587.0	0.632	1.122
1588.0	0.781	1.124
1589.0	0.276	1.093
1590.0	0.575	1.089
1591.0	0.693	1.107
1592.0	0.916	1.062
1593.0	0.663	1.058
1594.0	0.576	1.088
1595.0	0.105	1.162
1596.0	-0.816	1.139
1597.0	-1.111	1.049
1598.0	-0.913	1.109
1599.0	-0.601	1.135
1600.0	-0.615	1.081
1601.0	-0.268	1.074
1602.0	-0.679	1.081
1603.0	-0.516	1.084
1604.0	0.068	1.079
1605.0	0.138	1.094
1606.0	0.023	1.144
1607.0	-0.599	1.095
1608.0	-0.373	1.098
1609.0	-0.337	1.145
1610.0	-0.800	1.066
1611.0	-0.614	1.109
1612.0	-0.698	1.130
1613.0	-1.008	1.087
1614.0	-0.752	1.074
1615.0	-0.660	1.127
1616.0	-0.773	1.067
1617.0	-1.002	1.155
1618.0	-1.444	1.083
1619.0	-0.875	1.171
1620.0	-0.677	1.145
1621.0	-0.782	1.113
1622.0	-0.183	1.111
1623.0	-0.469	1.130
1624.0	-0.714	1.078
1625.0	-0.696	1.115
1626.0	-0.993	1.078
1627.0	-0.848	1.114
1628.0	-0.604	1.079
1629.0	-0.969	1.118
1630.0	-0.849	1.082
1631.0	-0.755	1.106
1632.0	-0.566	1.075
1633.0	-0.647	1.078
1634.0	-0.795	1.110
1635.0	-0.624	1.108
1636.0	-0.750	1.101
1637.0	-1.062	1.085
1638.0	-0.775	1.168
1639.0	-0.429	1.059
1640.0	-0.494	1.136
1641.0	-0.137	1.110
1642.0	-0.503	1.103
1643.0	0.404	1.091
1644.0	0.674	1.069
1645.0	0.567	1.046
1646.0	0.890	1.090
1647.0	0.776	1.123
1648.0	-0.548	1.129
1649.0	-0.438	1.045
1650.0	-0.786	1.121
1651.0	-0.725	1.029
1652.0	-0.578	1.112
1653.0	0.594	1.076
1654.0	0.722	1.160
1655.0	0.710	1.158
1656.0	0.773	1.113
1657.0	0.628	1.097
1658.0	-0.537	1.102
1659.0	-0.761	1.113
1660.0	-0.683	1.111
1661.0	-0.714	1.136
1662.0	-0.472	1.125
1663.0	-0.857	1.129
1664.0	-0.961	1.127
1665.0	-0.966	1.107
1666.0	-0.606	1.060
1667.0	-0.608	1.107
1668.0	0.465	1.072
1669.0	0.965	1.139
1670.0	0.551	1.122
1671.0	1.068	1.085
1672.0	0.914	1.159
1673.0	1.051	1.117
1674.0	0.814	1.066
1675.0	0.775	1.162
1676.0	0.660	1.050
1677.0	0.603	1.130
1678.0	0.681	1.220
1679.0	0.738	1.112
1680.0	1.083	1.068
1681.0	0.710	1.131
1682.0	0.507	1.076
1683.0	0.538	1.092
1684.0	0.608	1.051
1685.0	0.853	1.129
1686.0	0.909	1.114
1687.0	1.142	1.098
1688.0	0.800	1.117
1689.0	0.777	1.148
1690.0	0.472	1.058
1691.0	0.127	1.045
1692.0	0.736	1.124
1693.0	-0.609	1.142
1694.0	-0.598	1.072
1695.0	-0.725	1.084
1696.0	-0.486	1.136
1697.0	-0.582	1.061
1698.0	-0.718	1.094
1699.0	0.740	1.130
1700.0	0.551	1.053
1701.0	-0.601	1.146
1702.0	-0.520	1.135
1703.0	-0.674	1.069
1704.0	-0.593	1.118
1705.0	-0.493	1.055
1706.0	-0.591	1.089
1707.0	-0.651	1.074
1708.0	-0.636	1.099
1709.0	-0.677	1.123
1710.0	-0.600	1.081
1711.0	-0.482	1.125
1712.0	-0.696	1.094
1713.0	-0.621	1.132
1714.0	-0.532	1.083
1715.0	-0.789	1.135
1716.0	-0.496	1.100
1717.0	-0.291	1.105
1718.0	-0.766	1.132
1719.0	-0.955	1.066
1720.0	-0.351	1.098
1721.0	-0.865	1.123
1722.0	-0.629	1.127
1723.0	-0.974	1.078
1724.0	-0.513	1.135
1725.0	-0.638	1.076
1726.0	-0.565	1.088
1727.0	-0.642	1.110
1728.0	0.430	1.118
1729.0	0.702	1.126
1730.0	0.462	1.136
1731.0	0.578	1.141
1732.0	0.450	1.106
1733.0	0.074	1.099
1734.0	0.496	1.043
1735.0	0.738	1.133
1736.0	0.773	1.097
1737.0	0.415	1.056
1738.0	0.922	1.180
1739.0	0.567	1.037
1740.0	0.436	1.124
1741.0	0.802	1.129
1742.0	0.801	1.073
1743.0	0.988	1.112
1744.0	0.795	1.085
1745.0	0.602	1.074
1746.0	0.741	1.136
1747.0	0.727	1.097
1748.0	0.528	1.117
1749.0	0.834	1.126
1750.0	-0.664	1.139
1751.0	-0.621	1.109
1752.0	-0.760	1.107
1753.0	-0.971	1.089
1754.0	-0.898	1.085
1755.0	-0.838	1.113
1756.0	-0.959	1.072
1757.0	0.466	1.089
1758.0	0.601	1.072
1759.0	0.596	1.158
1760.0	-0.904	1.063
1761.0	-1.189	1.091
1762.0	-0.574	1.113
1763.0	-0.852	1.167
1764.0	-0.725	1.101
1765.0	-0.898	1.189
1766.0	-0.597	1.173
1767.0	-0.754	1.171
1768.0	-0.747	1.126
1769.0	-0.895	1.142
1770.0	-0.723	1.136
1771.0	-0.831	1.051
1772.0	-0.792	1.135
1773.0	-0.768	1.113
1774.0	-0.964	1.073
1775.0	-0.382	1.096
1776.0	-0.207	1.130
1777.0	0.162	1.126
1778.0	-0.551	1.147
1779.0	-0.690	1.078
1780.0	0.637	1.181
1781.0	-0.078	1.090
1782.0	0.295	1.146
1783.0	-0.631	1.148
1784.0	-0.405	1.134
1785.0	-0.704	1.112
1786.0	-0.576	1.133
1787.0	-0.722	1.110
1788.0	-0.255	1.080
1789.0	-0.650	1.161
1790.0	-1.018	1.115
1791.0	0.486	1.113
1792.0	0.447	1.072
1793.0	0.555	1.142
1794.0	0.459	1.018
1795.0	0.861	1.184
1796.0	0.795	1.051
1797.0	0.775	1.153
1798.0	0.626	1.093
1799.0	0.815	1.164
1800.0	-0.318	1.058
1801.0	-0.586	1.154
1802.0	-0.419	1.122
1803.0	0.597	1.058
1804.0	0.453	1.098
1805.0	0.930	1.110
1806.0	0.471	1.112
1807.0	0.687	1.121
1808.0	-0.698	1.139
1809.0	-0.855	1.099
1810.0	-0.404	1.095
1811.0	-0.902	1.080
1812.0	-0.564	1.113
1813.0	-0.696	1.082
1814.0	-0.733	1.089
1815.0	-0.273	1.150
1816.0	-0.466	1.042
1817.0	-0.333	1.098
1818.0	-0.116	1.092
1819.0	-0.344	1.146
1820.0	0.440	1.112
1821.0	0.327	1.077
1822.0	0.497	1.074
1823.0	-0.801	1.062
1824.0	0.492	1.064
1825.0	0.579	1.182
1826.0	0.742	1.103
1827.0	1.021	1.033
1828.0	1.079	1.099
1829.0	0.726	1.086
1830.0	0.750	1.102
1831.0	0.303	1.099
1832.0	-0.469	1.076
1833.0	0.515	1.030
1834.0	-0.390	1.119
1835.0	0.466	1.100
1836.0	0.589	1.115
1837.0	0.724	1.074
1838.0	0.366	1.052
1839.0	-0.823	1.154
1840.0	-0.643	1.048
1841.0	-0.883	1.110
1842.0	-0.369	1.202
1843.0	-0.770	1.149
1844.0	-0.764	1.148
1845.0	-0.760	1.115
1846.0	-0.714	1.081
1847.0	-0.487	1.191
1848.0	-0.561	1.027
1849.0	-0.442	1.082
1850.0	-0.459	1.096
1851.0	-0.509	1.118
1852.0	-0.441	1.135
1853.0	-0.734	1.120
1854.0	-0.646	1.111
1855.0	-0.689	1.149
1856.0	-0.369	1.093
1857.0	0.672	1.153
1858.0	0.327	1.103
1859.0	0.549	1.088
1860.0	0.770	1.085
1861.0	-0.646	1.095
1862.0	-0.479	1.088
1863.0	-0.179	1.104
1864.0	-0.494	1.122
1865.0	-0.518	1.091
1866.0	-0.817	1.168
1867.0	-0.611	1.159
1868.0	-0.607	1.074
1869.0	-0.781	1.112
1870.0	-0.857	1.086
1871.0	-0.772	1.048
1872.0	-1.133	1.071
1873.0	-0.934	1.095
1874.0	-0.115	1.089
1875.0	-0.438	1.106
1876.0	0.558	1.174
1877.0	0.688	1.118
1878.0	0.216	1.095
1879.0	0.523	1.171
1880.0	0.909	1.096
1881.0	0.662	1.096
1882.0	0.608	1.152
1883.0	0.955	1.062
1884.0	0.664	1.114
1885.0	0.767	1.156
1886.0	0.354	1.141
1887.0	0.854	1.070
1888.0	1.189	1.147
1889.0	0.662	1.072
1890.0	0.890	1.104
