1.0	-0.680	1.134
2.0	0.753	1.137
3.0	-0.588	1.097
4.0	-0.836	1.104
5.0	-0.901	1.120
6.0	-0.658	1.115
7.0	0.718	1.060
8.0	0.476	1.080
9.0	0.831	1.102
10.0	0.645	1.075
11.0	0.394	1.115
12.0	-0.522	1.126
13.0	-0.632	1.118
14.0	-0.561	1.130
15.0	-0.489	1.100
16.0	-0.477	1.073
17.0	0.508	1.111
18.0	0.843	1.098
19.0	0.542	1.092
20.0	-0.898	1.085
21.0	0.391	1.062
22.0	0.732	1.086
23.0	0.501	1.091
24.0	0.419	1.133
25.0	-0.524	1.121
26.0	0.569	1.151
27.0	-0.357	1.135
28.0	-0.661	1.143
29.0	-0.119	1.141
30.0	0.304	1.100
31.0	0.622	1.137
32.0	0.422	1.090
33.0	0.584	1.079
34.0	-0.092	1.141
35.0	0.610	1.082
36.0	0.580	1.087
37.0	-0.035	1.114
38.0	-0.436	1.098
39.0	0.639	1.104
40.0	0.795	1.076
41.0	-0.546	1.148
42.0	-0.685	1.115
43.0	0.391	1.126
44.0	0.441	1.111
45.0	-0.621	1.109
46.0	0.470	1.106
47.0	0.564	1.100
48.0	-0.478	1.085
49.0	0.292	1.167
50.0	0.897	1.125
51.0	-0.778	1.120
52.0	-0.796	1.060
53.0	0.125	1.147
54.0	0.622	1.145
55.0	0.310	1.090
56.0	-0.474	1.117
57.0	0.223	1.037
58.0	0.645	1.096
59.0	0.801	1.085
60.0	-0.470	1.100
61.0	0.598	1.128
62.0	0.312	1.131
63.0	0.194	1.095
64.0	0.621	1.081
65.0	-0.442	1.103
66.0	0.799	1.113
67.0	0.679	1.090
68.0	-0.381	1.113
69.0	-0.020	1.124
70.0	0.678	1.068
71.0	0.568	1.078
72.0	-0.434	1.114
73.0	-0.444	1.140
74.0	-0.496	1.103
75.0	-0.329	1.116
76.0	-0.502	1.101
77.0	-0.675	1.092
78.0	0.625	1.123
79.0	0.588	1.106
80.0	0.801	1.143
81.0	0.546	1.086
82.0	-0.809	1.166
83.0	-0.481	1.113
84.0	-0.431	1.142
85.0	-0.506	1.116
86.0	-0.508	1.094
87.0	-0.591	1.063
88.0	0.467	1.088
89.0	0.554	1.091
90.0	1.066	1.105
91.0	0.569	1.097
92.0	-0.650	1.091
93.0	-0.881	1.090
94.0	-0.640	1.113
95.0	-0.561	1.115
96.0	-0.533	1.127
97.0	0.703	1.067
98.0	-0.549	1.129
99.0	-0.545	1.092
100.0	-0.140	1.152
101.0	0.341	1.092
102.0	-0.403	1.111
103.0	0.534	1.134
104.0	0.514	1.105
105.0	-0.927	1.111
106.0	-0.492	1.083
107.0	-0.190	1.111
108.0	-0.757	1.108
109.0	-0.508	1.121
110.0	0.330	1.104
111.0	0.321	1.150
112.0	-0.745	1.074
113.0	-0.559	1.085
114.0	-0.123	1.106
115.0	0.326	1.096
116.0	-0.800	1.083
117.0	-0.626	1.118
118.0	-0.758	1.116
119.0	-0.542	1.119
120.0	-0.573	1.143
121.0	0.779	1.094
122.0	0.201	1.070
123.0	-0.905	1.104
124.0	-0.596	1.096
125.0	-0.648	1.114
126.0	-0.809	1.096
127.0	-0.715	1.096
128.0	-0.641	1.128
129.0	0.179	1.102
130.0	-0.880	1.081
131.0	-0.472	1.069
132.0	-0.789	1.143
133.0	0.303	1.106
134.0	-0.534	1.089
135.0	-0.574	1.116
136.0	-0.472	1.123
137.0	-0.320	1.146
138.0	-0.339	1.088
139.0	0.643	1.138
140.0	0.307	1.105
141.0	-0.687	1.096
142.0	-0.324	1.134
143.0	0.772	1.082
144.0	0.532	1.138
145.0	0.824	1.104
146.0	0.698	1.153
147.0	0.407	1.110
148.0	-0.681	1.128
149.0	0.364	1.151
150.0	0.477	1.111
151.0	0.165	1.073
152.0	-0.193	1.109
153.0	-0.585	1.138
154.0	-0.380	1.103
155.0	-0.627	1.080
156.0	-0.472	1.066
157.0	-0.529	1.112
158.0	0.505	1.131
159.0	-0.920	1.108
160.0	-0.678	1.093
161.0	-0.722	1.126
162.0	0.614	1.088
163.0	0.285	1.071
164.0	0.394	1.091
165.0	0.835	1.090
166.0	0.062	1.116
167.0	-0.380	1.118
168.0	0.635	1.135
169.0	0.560	1.114
170.0	-0.443	1.144
171.0	-0.591	1.104
172.0	-0.434	1.089
173.0	0.604	1.128
174.0	-0.406	1.107
175.0	-0.676	1.109
176.0	-0.581	1.043
177.0	-0.243	1.070
178.0	-0.412	1.150
179.0	0.392	1.132
180.0	0.621	1.099
181.0	-0.176	1.125
182.0	0.602	1.084
183.0	-0.644	1.078
184.0	0.789	1.093
185.0	0.553	1.120
186.0	-0.419	1.076
187.0	-0.791	1.162
188.0	-0.467	1.133
189.0	-0.788	1.047
190.0	-0.522	1.177
191.0	-0.269	1.145
192.0	-0.720	1.070
193.0	0.541	1.082
194.0	-0.629	1.133
195.0	0.680	1.098
196.0	-0.409	1.131
197.0	0.446	1.080
198.0	-0.226	1.098
199.0	-0.517	1.102
200.0	0.299	1.117
201.0	0.616	1.124
202.0	-0.152	1.094
203.0	0.628	1.092
204.0	-0.667	1.143
205.0	-0.456	1.058
206.0	0.655	1.043
207.0	-0.571	1.152
208.0	-0.353	1.082
209.0	-0.316	1.101
210.0	-0.484	1.139
211.0	-0.184	1.097
212.0	0.528	1.091
213.0	-0.603	1.069
214.0	-0.488	1.072
215.0	0.804	1.091
216.0	0.382	1.187
217.0	-0.374	1.140
218.0	-0.633	1.138
219.0	0.452	1.099
220.0	0.879	1.095
221.0	0.466	1.129
222.0	0.856	1.069
223.0	0.611	1.153
224.0	0.687	1.063
225.0	0.145	1.109
226.0	-0.643	1.064
227.0	-0.307	1.139
228.0	-0.338	1.118
229.0	0.411	1.109
230.0	0.731	1.103
231.0	-0.605	1.139
232.0	0.904	1.149
233.0	-0.658	1.115
234.0	-0.887	1.099
235.0	-0.456	1.154
236.0	0.604	1.084
237.0	0.147	1.081
238.0	0.726	1.086
239.0	-0.659	1.090
240.0	0.655	1.089
241.0	0.385	1.147
242.0	0.760	1.131
243.0	-0.373	1.083
244.0	-0.724	1.100
245.0	-0.515	1.112
246.0	0.498	1.117
247.0	-0.260	1.133
248.0	0.459	1.080
249.0	-0.606	1.061
250.0	0.617	1.116
251.0	-0.604	1.127
252.0	-0.563	1.108
253.0	0.693	1.111
254.0	-0.576	1.080
255.0	-0.524	1.126
256.0	-0.688	1.111
257.0	0.651	1.129
258.0	0.879	1.106
259.0	0.467	1.126
260.0	1.085	1.111
261.0	0.559	1.081
262.0	-0.672	1.097
263.0	-0.843	1.096
264.0	0.738	1.071
265.0	0.175	1.134
266.0	0.520	1.147
267.0	0.574	1.114
268.0	-0.444	1.089
269.0	0.557	1.107
270.0	-0.071	1.099
271.0	-0.423	1.084
272.0	0.379	1.090
273.0	-0.634	1.073
274.0	-0.714	1.127
275.0	-0.667	1.131
276.0	0.640	1.145
277.0	-0.572	1.144
278.0	0.703	1.110
279.0	-0.601	1.121
280.0	0.769	1.131
281.0	-0.509	1.104
282.0	0.648	1.084
283.0	-0.615	1.082
284.0	-0.623	1.073
285.0	0.879	1.116
286.0	-0.637	1.080
287.0	-0.406	1.096
288.0	0.543	1.090
289.0	0.877	1.129
290.0	-0.531	1.192
291.0	-0.507	1.094
292.0	-0.599	1.124
293.0	-0.488	1.100
294.0	0.703	1.127
295.0	0.614	1.105
296.0	0.384	1.114
297.0	-0.695	1.106
298.0	-0.434	1.111
299.0	-0.504	1.102
300.0	0.495	1.090
301.0	-0.353	1.091
302.0	0.266	1.146
303.0	0.233	1.142
304.0	-0.674	1.139
305.0	0.942	1.138
306.0	0.817	1.141
307.0	0.897	1.086
308.0	0.852	1.120
309.0	0.437	1.093
310.0	-0.620	1.102
311.0	-0.651	1.135
312.0	0.453	1.127
313.0	0.545	1.076
314.0	0.776	1.154
315.0	0.394	1.135
316.0	-0.787	1.062
317.0	0.419	1.122
318.0	0.599	1.163
319.0	-0.609	1.109
320.0	-0.268	1.102
321.0	-0.133	1.132
322.0	-0.621	1.090
323.0	0.217	1.080
324.0	0.537	1.101
325.0	-0.617	1.109
326.0	0.266	1.121
327.0	0.409	1.062
328.0	0.586	1.087
329.0	0.776	1.099
330.0	-0.489	1.131
331.0	0.115	1.097
332.0	-0.587	1.065
333.0	-0.413	1.118
334.0	0.542	1.135
335.0	-0.486	1.096
336.0	0.510	1.085
337.0	-0.786	1.155
338.0	0.693	1.104
339.0	0.569	1.153
340.0	0.623	1.076
341.0	-0.633	1.105
342.0	-0.648	1.099
343.0	0.265	1.089
344.0	0.170	1.101
345.0	-0.500	1.098
346.0	-0.621	1.127
347.0	0.822	1.114
348.0	0.991	1.175
349.0	0.426	1.094
350.0	0.614	1.078
351.0	0.522	1.115
352.0	-0.378	1.113
353.0	0.545	1.157
354.0	0.698	1.130
355.0	0.727	1.102
356.0	0.271	1.126
357.0	-0.685	1.134
358.0	0.506	1.082
359.0	0.286	1.130
360.0	0.575	1.117
361.0	-0.478	1.123
362.0	0.070	1.145
363.0	-1.001	1.153
364.0	-0.526	1.130
365.0	-0.372	1.146
366.0	-0.566	1.137
367.0	-0.366	1.116
368.0	0.570	1.101
369.0	-0.525	1.131
370.0	-0.730	1.121
371.0	0.350	1.065
372.0	0.911	1.115
373.0	-0.335	1.103
374.0	0.538	1.091
375.0	-0.569	1.093
376.0	0.311	1.098
377.0	0.258	1.085
378.0	0.380	1.140
379.0	0.291	1.145
380.0	0.463	1.121
381.0	0.483	1.076
382.0	0.590	1.093
383.0	-0.362	1.138
384.0	-0.070	1.097
385.0	-0.747	1.056
386.0	-0.648	1.141
387.0	-0.542	1.095
388.0	-0.594	1.167
389.0	-0.539	1.091
390.0	-0.417	1.116
391.0	0.796	1.099
392.0	0.256	1.118
393.0	-0.485	1.096
394.0	-0.012	1.118
395.0	0.546	1.087
396.0	0.450	1.123
397.0	0.527	1.127
398.0	0.801	1.131
399.0	-0.282	1.134
400.0	0.434	1.076
401.0	-0.721	1.128
402.0	-1.019	1.108
403.0	-0.622	1.085
404.0	-0.646	1.134
405.0	0.457	1.116
406.0	-0.544	1.104
407.0	-0.537	1.108
408.0	0.382	1.082
409.0	-0.876	1.132
410.0	-0.437	1.106
411.0	0.551	1.129
412.0	-0.956	1.111
413.0	-0.598	1.089
414.0	-0.490	1.172
415.0	0.612	1.111
416.0	0.645	1.115
417.0	0.183	1.044
418.0	0.524	1.088
419.0	0.977	1.099
420.0	-0.577	1.136
421.0	0.657	1.114
422.0	0.383	1.128
423.0	0.795	1.101
424.0	-0.274	1.143
425.0	-0.745	1.125
426.0	-0.711	1.126
427.0	-0.508	1.142
428.0	-0.744	1.058
429.0	0.591	1.068
430.0	0.558	1.104
431.0	-1.038	1.082
432.0	-0.651	1.117
433.0	0.663	1.088
434.0	0.323	1.130
435.0	0.350	1.158
436.0	0.741	1.116
437.0	0.705	1.062
438.0	0.126	1.131
439.0	0.692	1.138
440.0	0.716	1.102
441.0	0.095	1.083
442.0	0.572	1.161
443.0	-0.380	1.117
444.0	0.513	1.084
445.0	-0.552	1.056
446.0	0.040	1.105
447.0	0.872	1.099
448.0	-0.683	1.139
449.0	0.453	1.075
450.0	-0.451	1.129
451.0	-0.724	1.114
452.0	-0.501	1.064
453.0	0.865	1.095
454.0	-0.279	1.082
455.0	-0.610	1.132
456.0	-0.553	1.184
457.0	0.353	1.103
458.0	-0.471	1.120
459.0	-0.900	1.061
460.0	0.551	1.138
461.0	0.147	1.093
462.0	-0.607	1.110
463.0	-0.707	1.156
464.0	-0.596	1.112
465.0	-0.569	1.095
466.0	0.606	1.080
467.0	-0.309	1.124
468.0	0.742	1.120
469.0	-0.623	1.106
470.0	-0.629	1.117
471.0	-0.536	1.137
472.0	-0.607	1.100
473.0	-0.756	1.102
474.0	-0.205	1.101
475.0	-0.486	1.145
476.0	-0.426	1.095
477.0	-0.329	1.140
478.0	-0.382	1.154
479.0	-0.487	1.106
480.0	-0.854	1.120
481.0	-0.526	1.085
482.0	0.675	1.099
483.0	0.935	1.118
484.0	-0.470	1.118
485.0	0.492	1.123
486.0	0.465	1.122
487.0	0.328	1.061
488.0	0.353	1.110
489.0	0.286	1.082
490.0	0.918	1.150
491.0	0.090	1.121
492.0	-0.621	1.163
493.0	-0.661	1.126
494.0	0.378	1.163
495.0	-0.669	1.090
496.0	-0.199	1.069
497.0	-0.666	1.086
498.0	-0.387	1.100
499.0	-0.358	1.116
500.0	0.340	1.139
501.0	0.242	1.036
502.0	-0.606	1.119
503.0	-0.827	1.095
504.0	-0.042	1.125
505.0	0.658	1.101
506.0	-0.822	1.098
507.0	-0.868	1.111
508.0	-0.608	1.128
509.0	-0.147	1.082
510.0	-0.392	1.104
511.0	-0.631	1.132
512.0	-0.578	1.118
513.0	-0.035	1.170
514.0	-0.581	1.092
515.0	0.452	1.107
516.0	-1.044	1.112
517.0	-0.421	1.106
518.0	0.628	1.095
519.0	-0.697	1.096
520.0	-0.246	1.094
521.0	0.557	1.081
522.0	-0.679	1.133
523.0	0.911	1.126
524.0	0.994	1.078
525.0	0.848	1.126
526.0	0.443	1.115
527.0	-0.734	1.108
528.0	-0.763	1.047
529.0	-0.628	1.080
530.0	-0.681	1.102
531.0	-0.576	1.093
532.0	-0.392	1.114
533.0	-0.739	1.112
534.0	0.520	1.120
535.0	0.647	1.090
536.0	-0.830	1.136
537.0	-0.563	1.106
538.0	-0.526	1.103
539.0	0.556	1.122
540.0	0.478	1.059
541.0	0.198	1.119
542.0	-0.792	1.071
543.0	0.314	1.128
544.0	-0.593	1.092
545.0	-0.625	1.072
546.0	0.524	1.079
547.0	0.660	1.109
548.0	-0.563	1.109
549.0	-0.387	1.125
550.0	0.506	1.074
551.0	0.328	1.139
552.0	-0.407	1.085
553.0	0.423	1.131
554.0	0.703	1.136
555.0	-0.402	1.091
556.0	0.611	1.103
557.0	0.595	1.079
558.0	-0.556	1.096
559.0	-0.844	1.122
560.0	-0.459	1.100
561.0	0.938	1.082
562.0	-0.750	1.101
563.0	0.562	1.140
564.0	0.751	1.121
565.0	0.328	1.136
566.0	0.444	1.088
567.0	0.610	1.128
568.0	0.650	1.095
569.0	-0.679	1.123
570.0	0.432	1.093
571.0	-0.773	1.124
572.0	0.609	1.121
573.0	0.377	1.061
574.0	-0.706	1.059
575.0	0.317	1.112
576.0	-0.683	1.102
577.0	0.329	1.129
578.0	-0.522	1.164
579.0	0.634	1.158
580.0	-0.362	1.102
581.0	-0.508	1.116
582.0	0.699	1.098
583.0	-0.452	1.130
584.0	0.561	1.066
585.0	-0.453	1.099
586.0	0.799	1.110
587.0	-0.772	1.101
588.0	-0.070	1.105
589.0	-0.503	1.107
590.0	-0.630	1.114
591.0	-0.491	1.108
592.0	-0.582	1.101
593.0	-0.582	1.141
594.0	-0.496	1.147
595.0	-0.969	1.121
596.0	0.429	1.086
597.0	-0.640	1.118
598.0	0.487	1.124
599.0	-0.445	1.099
600.0	-0.693	1.073
601.0	-0.404	1.071
602.0	-0.498	1.153
603.0	-0.737	1.093
604.0	-0.467	1.141
605.0	-0.446	1.112
606.0	0.798	1.114
607.0	-0.436	1.095
608.0	-0.474	1.082
609.0	0.548	1.121
610.0	-0.739	1.179
611.0	0.477	1.128
612.0	-0.356	1.106
613.0	-0.828	1.089
614.0	-0.757	1.103
615.0	-0.434	1.101
616.0	0.767	1.117
617.0	0.822	1.109
618.0	0.400	1.099
619.0	0.164	1.169
620.0	0.688	1.153
621.0	0.588	1.102
622.0	0.505	1.146
623.0	-0.776	1.125
624.0	-0.890	1.110
625.0	1.004	1.095
626.0	-0.790	1.104
627.0	-0.234	1.119
628.0	0.414	1.122
629.0	0.455	1.100
630.0	0.256	1.127
631.0	-0.441	1.046
632.0	0.534	1.091
633.0	0.718	1.111
634.0	-0.408	1.139
635.0	-0.493	1.077
636.0	0.848	1.124
637.0	-0.561	1.111
638.0	0.747	1.111
639.0	-0.619	1.145
640.0	-0.683	1.098
641.0	-0.361	1.125
642.0	0.027	1.044
643.0	0.588	1.105
644.0	0.564	1.114
645.0	0.589	1.054
646.0	-0.309	1.103
647.0	0.618	1.100
648.0	0.522	1.100
649.0	1.016	1.117
650.0	-0.486	1.150
651.0	-0.145	1.089
652.0	-0.642	1.114
653.0	-0.490	1.124
654.0	0.089	1.064
655.0	0.474	1.094
656.0	-0.418	1.097
657.0	0.471	1.080
658.0	0.605	1.078
659.0	-0.235	1.072
660.0	0.910	1.091
661.0	-0.439	1.184
662.0	-0.242	1.139
663.0	-0.300	1.116
664.0	-0.234	1.086
665.0	0.623	1.160
666.0	-0.535	1.103
667.0	0.464	1.073
668.0	0.626	1.135
669.0	-0.343	1.140
670.0	-0.146	1.084
671.0	-0.380	1.098
672.0	0.465	1.088
673.0	0.692	1.102
674.0	0.667	1.129
675.0	-0.887	1.113
676.0	0.479	1.087
677.0	-0.511	1.090
678.0	-0.207	1.098
679.0	-0.448	1.061
680.0	-0.417	1.115
681.0	-0.869	1.171
682.0	-0.560	1.107
683.0	0.787	1.095
684.0	0.527	1.116
685.0	0.996	1.135
686.0	0.831	1.135
687.0	-0.727	1.146
688.0	-0.643	1.129
689.0	0.624	1.088
690.0	0.247	1.102
691.0	-0.390	1.089
692.0	0.582	1.124
693.0	0.614	1.133
694.0	-0.514	1.099
695.0	-0.399	1.110
696.0	0.577	1.108
697.0	0.917	1.128
698.0	-0.390	1.085
699.0	0.592	1.144
700.0	-0.384	1.111
701.0	0.297	1.113
702.0	-0.747	1.120
703.0	-0.482	1.158
704.0	0.696	1.107
705.0	-0.895	1.104
706.0	-0.180	1.122
707.0	-0.627	1.111
708.0	-0.429	1.111
709.0	-0.476	1.113
710.0	-0.459	1.091
711.0	0.349	1.094
712.0	0.211	1.089
713.0	0.453	1.104
714.0	0.433	1.082
715.0	-0.617	1.090
716.0	-0.795	1.104
717.0	-0.535	1.079
718.0	-0.674	1.115
719.0	0.186	1.076
720.0	-0.681	1.094
721.0	-0.742	1.085
722.0	0.322	1.074
723.0	0.335	1.092
724.0	0.631	1.105
725.0	-0.734	1.092
726.0	-0.309	1.104
727.0	-0.633	1.116
728.0	-0.633	1.078
729.0	0.323	1.139
730.0	-0.563	1.063
731.0	0.739	1.083
732.0	-0.428	1.127
733.0	-0.375	1.127
734.0	-0.654	1.150
735.0	-0.859	1.083
736.0	-0.430	1.093
737.0	0.469	1.078
738.0	0.559	1.107
739.0	-0.850	1.067
740.0	0.784	1.124
741.0	0.324	1.080
742.0	0.408	1.107
743.0	0.788	1.089
744.0	0.789	1.149
745.0	-0.415	1.092
746.0	-0.218	1.069
747.0	0.606	1.155
748.0	0.748	1.157
749.0	-0.616	1.125
750.0	-0.795	1.118
751.0	0.607	1.080
752.0	0.635	1.120
753.0	-0.341	1.167
754.0	-0.655	1.082
755.0	-0.435	1.097
756.0	-0.406	1.151
757.0	-0.003	1.103
758.0	0.380	1.094
759.0	-0.697	1.090
760.0	0.503	1.114
761.0	0.718	1.104
762.0	0.887	1.123
763.0	0.277	1.067
764.0	0.651	1.159
765.0	0.176	1.104
766.0	-0.343	1.144
767.0	-0.600	1.128
768.0	0.502	1.073
769.0	-0.741	1.104
770.0	-0.453	1.091
771.0	0.660	1.108
772.0	-0.012	1.099
773.0	0.757	1.084
774.0	0.746	1.140
775.0	-0.454	1.163
776.0	0.270	1.104
777.0	-0.594	1.095
778.0	-0.315	1.127
779.0	0.267	1.094
780.0	0.681	1.130
781.0	-0.568	1.096
782.0	0.629	1.144
783.0	0.434	1.140
784.0	0.538	1.101
785.0	0.291	1.114
786.0	-0.615	1.066
787.0	-0.658	1.138
788.0	-0.631	1.102
789.0	-0.906	1.078
790.0	-0.506	1.137
791.0	0.614	1.064
792.0	0.586	1.095
793.0	-0.520	1.073
794.0	0.301	1.108
795.0	0.298	1.083
796.0	0.320	1.048
797.0	-0.242	1.119
798.0	0.059	1.102
799.0	0.219	1.108
800.0	-0.488	1.083
801.0	0.459	1.160
802.0	-0.826	1.083
803.0	-0.353	1.116
804.0	-0.578	1.077
805.0	0.822	1.100
806.0	-1.144	1.098
807.0	0.691	1.062
808.0	0.750	1.144
809.0	-0.196	1.127
810.0	0.427	1.130
811.0	0.646	1.155
812.0	0.848	1.144
813.0	0.428	1.076
814.0	0.331	1.070
815.0	-0.310	1.079
816.0	0.577	1.115
817.0	0.433	1.126
818.0	-0.646	1.079
819.0	0.551	1.116
820.0	-0.493	1.096
821.0	0.563	1.097
822.0	0.584	1.129
823.0	-0.515	1.132
824.0	0.273	1.083
825.0	0.800	1.117
826.0	-0.934	1.124
827.0	0.381	1.067
828.0	-0.438	1.077
829.0	0.369	1.108
830.0	0.617	1.092
831.0	-0.385	1.111
832.0	-0.526	1.115
833.0	0.629	1.142
834.0	-0.381	1.136
835.0	-0.369	1.120
836.0	-0.656	1.069
837.0	-0.540	1.099
838.0	0.314	1.134
839.0	0.361	1.106
840.0	-0.463	1.104
841.0	0.369	1.125
842.0	0.709	1.080
843.0	0.578	1.092
844.0	0.699	1.100
845.0	-0.753	1.104
846.0	-0.545	1.109
847.0	-0.831	1.092
848.0	-0.510	1.104
849.0	-0.511	1.077
850.0	-0.651	1.136
851.0	0.808	1.107
852.0	0.608	1.104
853.0	-0.018	1.116
854.0	0.616	1.081
855.0	0.718	1.084
856.0	0.065	1.147
857.0	0.441	1.103
858.0	-0.834	1.097
859.0	0.492	1.127
860.0	0.686	1.094
861.0	0.587	1.129
862.0	-0.352	1.138
863.0	-0.487	1.124
864.0	0.767	1.093
865.0	-0.673	1.132
866.0	-0.717	1.069
867.0	-0.289	1.111
868.0	0.891	1.121
869.0	-0.397	1.078
870.0	0.642	1.116
871.0	0.380	1.096
872.0	-0.478	1.097
873.0	-0.625	1.098
874.0	0.447	1.092
875.0	0.449	1.084
876.0	0.732	1.094
877.0	0.521	1.086
878.0	-0.637	1.114
879.0	-0.303	1.123
880.0	0.208	1.113
881.0	-0.472	1.114
882.0	0.583	1.094
883.0	0.116	1.118
884.0	-0.775	1.139
885.0	0.348	1.149
886.0	-0.478	1.092
887.0	-0.389	1.106
888.0	-0.640	1.078
889.0	0.507	1.104
890.0	0.570	1.105
891.0	0.008	1.091
892.0	0.750	1.119
893.0	0.745	1.080
894.0	0.652	1.073
895.0	-0.788	1.135
896.0	-0.352	1.112
897.0	-0.505	1.055
898.0	0.415	1.100
899.0	-0.624	1.113
900.0	-0.758	1.090
901.0	1.106	1.124
902.0	0.540	1.134
903.0	0.755	1.106
904.0	-0.481	1.140
905.0	-0.661	1.103
906.0	0.043	1.105
907.0	-0.818	1.090
908.0	-0.611	1.135
909.0	0.434	1.101
910.0	0.472	1.133
911.0	-0.120	1.081
912.0	-0.150	1.049
913.0	0.788	1.124
914.0	-0.553	1.099
915.0	-0.682	1.125
916.0	-0.461	1.097
917.0	-0.584	1.115
918.0	-0.589	1.109
919.0	-0.686	1.102
920.0	0.619	1.134
921.0	-0.037	1.079
922.0	-0.541	1.132
923.0	-0.461	1.117
924.0	-0.904	1.068
925.0	0.639	1.086
926.0	-0.365	1.104
927.0	-0.373	1.115
928.0	0.989	1.124
929.0	-0.671	1.118
930.0	0.775	1.136
931.0	-0.311	1.130
932.0	-0.432	1.095
933.0	0.645	1.112
934.0	-0.269	1.115
935.0	-0.293	1.139
936.0	-0.767	1.103
937.0	0.501	1.125
938.0	0.662	1.126
939.0	0.634	1.142
940.0	-0.566	1.100
941.0	0.632	1.074
942.0	0.679	1.134
943.0	-0.743	1.149
944.0	1.010	1.084
945.0	0.707	1.097
946.0	-0.808	1.122
947.0	-0.741	1.076
948.0	-0.534	1.072
949.0	-0.651	1.078
950.0	0.569	1.087
951.0	-0.373	1.092
952.0	-0.458	1.120
953.0	-0.787	1.095
954.0	-0.581	1.100
955.0	0.155	1.093
956.0	-0.500	1.060
957.0	0.685	1.108
958.0	0.681	1.073
959.0	0.340	1.075
960.0	0.519	1.126
961.0	0.147	1.126
962.0	0.700	1.056
963.0	0.659	1.067
964.0	0.476	1.089
965.0	0.519	1.086
966.0	-0.721	1.143
967.0	0.603	1.105
968.0	-0.991	1.102
969.0	-0.600	1.077
970.0	-0.785	1.118
971.0	-0.705	1.110
972.0	0.225	1.127
973.0	0.585	1.078
974.0	-0.362	1.076
975.0	-0.666	1.143
976.0	-0.365	1.156
977.0	-0.593	1.118
978.0	-0.503	1.093
979.0	0.336	1.123
980.0	-0.152	1.101
981.0	-0.595	1.121
982.0	-0.932	1.134
983.0	0.878	1.104
984.0	0.608	1.109
985.0	0.556	1.074
986.0	0.482	1.084
987.0	-0.789	1.064
988.0	0.686	1.146
989.0	0.588	1.103
990.0	0.732	1.136
991.0	-0.846	1.095
992.0	0.718	1.130
993.0	0.605	1.117
994.0	0.408	1.094
995.0	0.487	1.097
996.0	0.522	1.121
997.0	0.458	1.101
998.0	-0.807	1.120
999.0	-0.560	1.184
1000.0	0.699	1.060
1001.0	0.277	1.154
1002.0	0.708	1.090
1003.0	0.879	1.112
1004.0	0.734	1.140
1005.0	-0.402	1.152
1006.0	-0.604	1.088
1007.0	0.578	1.089
1008.0	0.067	1.158
1009.0	0.897	1.068
1010.0	0.369	1.104
1011.0	-0.543	1.131
1012.0	-0.096	1.116
1013.0	0.145	1.162
1014.0	-0.595	1.084
1015.0	0.681	1.083
1016.0	-0.206	1.103
1017.0	-0.585	1.092
1018.0	0.593	1.094
1019.0	0.545	1.081
1020.0	0.612	1.124
1021.0	0.776	1.111
1022.0	0.598	1.118
1023.0	0.469	1.110
1024.0	0.626	1.072
1025.0	0.260	1.101
1026.0	-0.720	1.128
1027.0	-0.722	1.078
1028.0	-0.568	1.097
1029.0	-0.634	1.123
1030.0	0.534	1.129
1031.0	0.521	1.094
1032.0	0.101	1.137
1033.0	0.455	1.145
1034.0	-0.191	1.101
1035.0	-0.533	1.142
1036.0	-0.454	1.099
1037.0	0.739	1.066
1038.0	-0.517	1.121
1039.0	-0.535	1.062
1040.0	-0.453	1.104
1041.0	-0.608	1.103
1042.0	-0.376	1.154
1043.0	0.690	1.079
1044.0	0.370	1.098
1045.0	0.163	1.103
1046.0	0.264	1.103
1047.0	-0.555	1.174
1048.0	-0.339	1.138
1049.0	0.681	1.083
1050.0	0.215	1.093
1051.0	-0.639	1.112
1052.0	-0.444	1.108
1053.0	-0.683	1.084
1054.0	0.636	1.120
1055.0	1.168	1.060
1056.0	0.293	1.114
1057.0	0.475	1.134
1058.0	0.460	1.143
1059.0	-0.392	1.119
1060.0	0.969	1.106
1061.0	0.423	1.117
1062.0	0.520	1.147
1063.0	-0.834	1.130
1064.0	0.590	1.132
1065.0	-0.404	1.200
1066.0	0.437	1.105
1067.0	-0.602	1.142
1068.0	-0.338	1.136
1069.0	-0.440	1.149
1070.0	0.573	1.107
1071.0	0.426	1.128
1072.0	0.573	1.069
1073.0	0.219	1.150
1074.0	0.559	1.162
1075.0	0.695	1.098
1076.0	-0.866	1.128
1077.0	-0.431	1.110
1078.0	0.673	1.075
1079.0	0.720	1.126
1080.0	-0.338	1.147
1081.0	-0.577	1.137
1082.0	0.563	1.109
1083.0	0.469	1.086
1084.0	0.489	1.134
1085.0	-0.455	1.115
1086.0	-0.480	1.089
1087.0	0.586	1.083
1088.0	0.796	1.124
1089.0	0.406	1.142
1090.0	0.579	1.118
1091.0	0.206	1.103
1092.0	-0.395	1.074
1093.0	-0.722	1.088
1094.0	-0.796	1.088
1095.0	0.290	1.132
1096.0	-0.630	1.130
1097.0	-0.476	1.147
1098.0	-0.801	1.125
1099.0	-0.322	1.114
1100.0	-0.820	1.136
1101.0	-0.410	1.119
1102.0	-0.562	1.092
1103.0	0.783	1.098
1104.0	0.849	1.121
1105.0	0.959	1.109
1106.0	0.644	1.082
1107.0	-0.949	1.128
1108.0	0.509	1.107
1109.0	-0.701	1.077
1110.0	-0.579	1.100
1111.0	-0.369	1.123
1112.0	0.669	1.105
1113.0	0.468	1.159
1114.0	-0.860	1.127
1115.0	0.950	1.108
1116.0	0.640	1.098
1117.0	0.858	1.096
1118.0	0.674	1.132
1119.0	0.526	1.097
1120.0	0.489	1.165
1121.0	0.177	1.126
1122.0	-0.246	1.147
1123.0	-0.475	1.155
1124.0	0.806	1.088
1125.0	0.686	1.145
1126.0	-0.455	1.144
1127.0	0.554	1.101
1128.0	-0.626	1.109
1129.0	-0.774	1.135
1130.0	-0.939	1.062
1131.0	0.565	1.087
1132.0	0.672	1.158
1133.0	0.851	1.085
1134.0	0.557	1.146
1135.0	0.539	1.102
1136.0	0.644	1.090
1137.0	-0.141	1.092
1138.0	0.453	1.096
1139.0	-0.447	1.061
1140.0	-0.901	1.092
1141.0	-0.535	1.107
1142.0	0.773	1.076
1143.0	0.735	1.092
1144.0	-0.470	1.116
1145.0	0.756	1.127
1146.0	-0.647	1.117
1147.0	-0.396	1.055
1148.0	0.793	1.109
1149.0	-0.992	1.104
1150.0	-0.719	1.077
1151.0	-0.612	1.066
1152.0	-0.477	1.118
1153.0	0.388	1.109
1154.0	0.715	1.155
1155.0	0.669	1.159
1156.0	-0.683	1.135
1157.0	-0.775	1.167
1158.0	0.200	1.134
1159.0	0.180	1.116
1160.0	0.442	1.113
1161.0	0.756	1.108
1162.0	-0.648	1.143
1163.0	-0.432	1.096
1164.0	-0.543	1.132
1165.0	-0.533	1.098
1166.0	-0.227	1.107
1167.0	0.493	1.126
1168.0	0.660	1.128
1169.0	0.876	1.134
1170.0	0.504	1.135
1171.0	-0.431	1.077
1172.0	0.550	1.082
1173.0	0.971	1.121
1174.0	-0.640	1.090
1175.0	0.387	1.100
1176.0	-0.288	1.107
1177.0	-0.256	1.111
1178.0	-0.807	1.092
1179.0	0.166	1.112
1180.0	0.150	1.175
1181.0	0.192	1.118
1182.0	0.520	1.078
1183.0	-0.754	1.113
1184.0	-0.839	1.107
1185.0	0.679	1.093
1186.0	0.716	1.081
1187.0	0.682	1.102
1188.0	-0.754	1.115
1189.0	-0.725	1.147
1190.0	-0.533	1.096
1191.0	0.546	1.074
1192.0	-0.363	1.082
1193.0	-0.585	1.096
1194.0	0.413	1.158
1195.0	-0.111	1.092
1196.0	-0.935	1.130
1197.0	-0.377	1.088
1198.0	-0.584	1.094
1199.0	-0.403	1.087
1200.0	-0.516	1.090
1201.0	0.542	1.085
1202.0	0.387	1.101
1203.0	0.545	1.100
1204.0	-1.005	1.141
1205.0	-0.639	1.120
1206.0	0.536	1.097
1207.0	-0.529	1.115
1208.0	-0.504	1.055
1209.0	0.171	1.112
1210.0	-0.767	1.134
1211.0	-0.705	1.140
1212.0	-0.783	1.100
1213.0	-0.800	1.118
1214.0	0.468	1.144
1215.0	0.700	1.075
1216.0	0.427	1.090
1217.0	0.199	1.103
1218.0	-0.722	1.158
1219.0	-0.003	1.182
1220.0	0.875	1.106
1221.0	0.391	1.133
1222.0	-0.422	1.106
1223.0	0.224	1.136
1224.0	-0.411	1.101
1225.0	0.287	1.087
1226.0	0.197	1.077
1227.0	-0.363	1.102
1228.0	-0.591	1.088
1229.0	-0.403	1.095
1230.0	-0.554	1.140
1231.0	-1.006	1.126
1232.0	-0.231	1.117
1233.0	-0.837	1.119
1234.0	-0.559	1.134
1235.0	0.449	1.144
1236.0	0.038	1.079
1237.0	0.023	1.140
1238.0	-0.677	1.095
1239.0	0.851	1.116
1240.0	0.582	1.094
1241.0	-0.045	1.118
1242.0	0.740	1.138
1243.0	0.655	1.108
1244.0	-0.700	1.161
1245.0	-0.596	1.117
1246.0	-0.627	1.112
1247.0	-0.310	1.159
1248.0	-0.485	1.094
1249.0	-0.736	1.085
1250.0	0.498	1.114
1251.0	-0.444	1.079
1252.0	0.288	1.107
1253.0	-0.392	1.099
1254.0	-0.491	1.093
1255.0	-0.721	1.112
1256.0	-0.937	1.150
1257.0	0.315	1.095
1258.0	-0.802	1.153
1259.0	-0.711	1.111
1260.0	0.516	1.095
1261.0	0.645	1.101
1262.0	0.557	1.093
1263.0	0.663	1.080
1264.0	0.538	1.090
1265.0	0.619	1.155
1266.0	-0.090	1.094
1267.0	-0.415	1.158
1268.0	0.616	1.108
1269.0	-0.550	1.088
1270.0	-0.408	1.099
1271.0	-0.602	1.098
1272.0	-0.723	1.124
1273.0	0.262	1.102
1274.0	0.636	1.075
1275.0	-0.577	1.092
1276.0	0.606	1.122
1277.0	-0.342	1.109
1278.0	-0.669	1.144
1279.0	-0.558	1.125
1280.0	-0.533	1.130
1281.0	0.077	1.111
1282.0	0.041	1.075
1283.0	-0.577	1.097
1284.0	-0.498	1.108
1285.0	-0.311	1.115
1286.0	0.145	1.131
1287.0	0.618	1.116
1288.0	0.454	1.059
1289.0	0.733	1.093
1290.0	0.678	1.126
1291.0	-0.243	1.133
1292.0	0.395	1.095
1293.0	0.299	1.128
1294.0	-0.896	1.121
1295.0	0.228	1.149
1296.0	0.581	1.160
1297.0	0.857	1.104
1298.0	-0.536	1.096
1299.0	-0.884	1.113
1300.0	-0.581	1.175
1301.0	-0.424	1.117
1302.0	-0.475	1.119
1303.0	-0.381	1.161
1304.0	-0.704	1.141
1305.0	-0.104	1.088
1306.0	-0.325	1.131
1307.0	-0.677	1.115
1308.0	-0.688	1.129
1309.0	0.363	1.081
1310.0	0.827	1.089
1311.0	0.381	1.083
1312.0	-0.570	1.100
1313.0	-0.727	1.127
1314.0	-0.903	1.090
1315.0	-0.690	1.118
1316.0	-0.933	1.124
1317.0	0.688	1.104
1318.0	0.608	1.121
1319.0	0.331	1.118
1320.0	-0.747	1.115
1321.0	0.583	1.082
1322.0	0.533	1.108
1323.0	-0.701	1.123
1324.0	0.369	1.099
1325.0	-0.456	1.087
1326.0	-0.702	1.095
1327.0	-0.548	1.109
1328.0	-0.595	1.103
1329.0	-0.715	1.131
1330.0	-0.531	1.105
1331.0	0.504	1.120
1332.0	0.302	1.101
1333.0	0.567	1.071
1334.0	0.485	1.150
1335.0	-0.323	1.108
1336.0	-0.500	1.117
1337.0	0.394	1.137
1338.0	-0.376	1.136
1339.0	-0.642	1.122
1340.0	-0.372	1.070
1341.0	0.238	1.153
1342.0	-0.237	1.115
1343.0	0.909	1.149
1344.0	0.516	1.088
1345.0	-0.568	1.109
1346.0	0.637	1.123
1347.0	-0.567	1.085
1348.0	-0.827	1.114
1349.0	-0.720	1.106
1350.0	0.595	1.135
1351.0	0.410	1.101
1352.0	0.439	1.116
1353.0	-1.054	1.165
1354.0	0.528	1.092
1355.0	0.447	1.082
1356.0	-0.504	1.090
1357.0	0.337	1.069
1358.0	-0.848	1.089
1359.0	-0.306	1.074
1360.0	0.803	1.108
1361.0	0.790	1.100
1362.0	-0.553	1.094
1363.0	-0.644	1.154
1364.0	0.047	1.093
1365.0	0.327	1.089
1366.0	-0.564	1.117
1367.0	0.833	1.094
1368.0	0.715	1.083
1369.0	-0.057	1.085
1370.0	0.873	1.091
1371.0	-0.533	1.088
1372.0	0.264	1.128
1373.0	-0.421	1.094
1374.0	0.685	1.112
1375.0	0.561	1.100
1376.0	0.510	1.084
1377.0	0.648	1.126
1378.0	0.461	1.092
1379.0	-0.357	1.113
1380.0	0.141	1.141
1381.0	0.512	1.154
1382.0	-0.075	1.164
1383.0	0.578	1.111
1384.0	-0.693	1.101
1385.0	-0.719	1.092
1386.0	-0.382	1.092
1387.0	0.465	1.131
1388.0	0.540	1.083
1389.0	0.696	1.109
1390.0	0.827	1.129
1391.0	0.505	1.124
1392.0	0.779	1.115
1393.0	0.698	1.095
1394.0	0.612	1.082
1395.0	0.568	1.065
1396.0	0.789	1.093
1397.0	-0.567	1.115
1398.0	0.535	1.117
1399.0	-0.570	1.109
1400.0	0.568	1.097
1401.0	-0.576	1.110
1402.0	-0.351	1.097
1403.0	-0.620	1.114
1404.0	-0.529	1.147
1405.0	0.651	1.112
1406.0	-0.488	1.115
1407.0	0.401	1.129
1408.0	0.357	1.065
1409.0	-0.712	1.147
1410.0	-0.701	1.102
1411.0	-0.652	1.103
1412.0	-0.325	1.105
1413.0	-0.532	1.071
1414.0	-0.158	1.059
1415.0	0.657	1.102
1416.0	-0.473	1.059
1417.0	-0.475	1.089
1418.0	-0.710	1.123
1419.0	-0.825	1.071
1420.0	0.521	1.147
1421.0	-0.611	1.115
1422.0	0.763	1.142
1423.0	-0.823	1.134
1424.0	-0.492	1.119
1425.0	-0.826	1.105
1426.0	-0.382	1.104
1427.0	-0.815	1.084
1428.0	-0.522	1.058
1429.0	0.515	1.108
1430.0	-0.568	1.109
1431.0	0.890	1.083
1432.0	0.267	1.112
1433.0	-0.524	1.090
1434.0	-0.160	1.089
1435.0	-0.388	1.100
1436.0	-0.443	1.085
1437.0	0.729	1.150
1438.0	0.565	1.090
1439.0	0.462	1.105
1440.0	-0.651	1.100
1441.0	0.669	1.129
1442.0	0.445	1.122
1443.0	-0.555	1.115
1444.0	0.748	1.127
1445.0	-0.614	1.115
1446.0	0.805	1.115
1447.0	0.384	1.076
1448.0	0.608	1.112
1449.0	0.637	1.109
1450.0	-1.015	1.133
1451.0	-0.682	1.121
1452.0	-0.535	1.072
1453.0	-0.702	1.114
1454.0	0.039	1.098
1455.0	-0.379	1.074
1456.0	0.767	1.120
1457.0	0.480	1.099
1458.0	-0.342	1.098
1459.0	0.482	1.144
1460.0	0.570	1.083
1461.0	-0.750	1.081
1462.0	-0.166	1.094
1463.0	0.355	1.152
1464.0	-0.759	1.082
1465.0	-0.652	1.125
1466.0	0.515	1.096
1467.0	0.293	1.098
1468.0	0.093	1.094
1469.0	-0.181	1.139
1470.0	0.573	1.141
1471.0	0.012	1.107
1472.0	-0.745	1.107
1473.0	-0.802	1.095
1474.0	0.511	1.108
1475.0	0.228	1.117
1476.0	-0.564	1.117
1477.0	-0.592	1.120
1478.0	-0.632	1.129
1479.0	-0.783	1.109
1480.0	-0.166	1.069
1481.0	0.513	1.092
1482.0	-0.328	1.115
1483.0	0.404	1.098
1484.0	0.554	1.107
1485.0	-0.255	1.085
1486.0	0.356	1.168
1487.0	-0.477	1.107
1488.0	0.671	1.112
1489.0	0.806	1.097
1490.0	0.760	1.089
1491.0	0.665	1.114
1492.0	-0.568	1.077
1493.0	0.810	1.128
1494.0	0.484	1.118
1495.0	-0.377	1.160
1496.0	0.347	1.130
1497.0	-0.587	1.134
1498.0	-0.500	1.116
1499.0	-0.346	1.124
1500.0	-0.459	1.121
1501.0	0.321	1.124
1502.0	0.565	1.130
1503.0	0.777	1.109
1504.0	0.503	1.154
1505.0	0.845	1.102
1506.0	0.458	1.081
1507.0	0.318	1.095
1508.0	-0.704	1.115
1509.0	-0.722	1.100
1510.0	0.088	1.081
1511.0	-0.655	1.077
1512.0	0.408	1.161
1513.0	0.589	1.093
1514.0	0.433	1.085
1515.0	-0.802	1.157
1516.0	-0.390	1.128
1517.0	0.222	1.091
1518.0	0.441	1.094
1519.0	0.526	1.116
1520.0	0.714	1.087
1521.0	0.779	1.116
1522.0	0.682	1.066
1523.0	0.501	1.119
1524.0	0.418	1.091
1525.0	0.659	1.082
1526.0	-0.124	1.080
1527.0	-0.297	1.145
1528.0	-0.731	1.086
1529.0	0.573	1.129
1530.0	0.621	1.114
1531.0	-0.618	1.109
1532.0	0.988	1.081
1533.0	0.393	1.120
1534.0	-0.356	1.094
1535.0	-0.849	1.078
1536.0	-0.577	1.104
1537.0	0.673	1.124
1538.0	0.685	1.144
1539.0	0.709	1.062
1540.0	-0.569	1.106
1541.0	0.431	1.130
1542.0	-0.764	1.132
1543.0	-0.689	1.121
1544.0	-0.615	1.114
1545.0	-0.963	1.131
1546.0	0.590	1.099
1547.0	0.613	1.096
1548.0	-0.559	1.106
1549.0	-0.252	1.112
1550.0	-0.372	1.092
1551.0	0.775	1.100
1552.0	0.776	1.119
1553.0	0.626	1.106
1554.0	0.432	1.125
1555.0	-0.614	1.147
1556.0	-0.504	1.106
1557.0	-0.611	1.119
1558.0	0.580	1.138
1559.0	-0.647	1.090
1560.0	0.588	1.127
1561.0	0.648	1.062
1562.0	-0.896	1.093
1563.0	0.865	1.105
1564.0	0.610	1.107
1565.0	-0.670	1.090
1566.0	-0.776	1.093
1567.0	-0.320	1.097
1568.0	0.094	1.149
1569.0	-0.686	1.098
1570.0	0.650	1.118
1571.0	0.696	1.093
1572.0	0.747	1.118
1573.0	0.542	1.110
1574.0	-0.514	1.075
1575.0	0.246	1.136
1576.0	-0.578	1.112
1577.0	-0.449	1.113
1578.0	0.007	1.117
1579.0	0.584	1.125
1580.0	0.487	1.102
1581.0	-0.789	1.081
1582.0	0.529	1.079
1583.0	-0.388	1.097
1584.0	-0.582	1.076
1585.0	0.803	1.088
1586.0	0.751	1.110
1587.0	0.615	1.103
1588.0	0.061	1.119
1589.0	-0.683	1.081
1590.0	0.509	1.116
1591.0	0.673	1.129
1592.0	-0.721	1.088
1593.0	0.617	1.139
1594.0	0.612	1.119
1595.0	-0.596	1.093
1596.0	-0.658	1.144
1597.0	-0.575	1.108
1598.0	-0.968	1.068
1599.0	-0.465	1.111
1600.0	-0.758	1.108
1601.0	-0.799	1.089
1602.0	0.161	1.106
1603.0	0.310	1.096
1604.0	-0.453	1.097
1605.0	-0.341	1.191
1606.0	-0.598	1.123
1607.0	-0.338	1.101
1608.0	0.570	1.101
1609.0	-0.351	1.110
1610.0	-0.513	1.096
1611.0	0.445	1.101
1612.0	0.472	1.117
1613.0	0.255	1.104
1614.0	-0.495	1.111
1615.0	-0.399	1.093
1616.0	-0.815	1.135
1617.0	0.448	1.091
1618.0	0.537	1.111
1619.0	-0.704	1.088
1620.0	-0.094	1.076
1621.0	0.130	1.124
1622.0	-0.449	1.070
1623.0	-0.630	1.126
1624.0	0.374	1.100
1625.0	-0.597	1.134
1626.0	0.723	1.085
1627.0	0.373	1.105
1628.0	0.847	1.140
1629.0	-0.750	1.130
1630.0	-0.779	1.130
1631.0	0.737	1.084
1632.0	0.754	1.109
1633.0	0.352	1.129
1634.0	0.701	1.140
1635.0	0.669	1.097
1636.0	0.721	1.090
1637.0	-0.270	1.135
1638.0	0.622	1.086
1639.0	-0.372	1.144
1640.0	-0.719	1.117
1641.0	0.443	1.061
1642.0	0.862	1.158
1643.0	-0.183	1.099
1644.0	0.663	1.115
1645.0	-0.891	1.128
1646.0	-0.826	1.111
1647.0	0.527	1.093
1648.0	0.325	1.103
1649.0	-0.503	1.117
1650.0	-0.604	1.106
1651.0	-0.334	1.081
1652.0	0.540	1.093
1653.0	0.587	1.084
1654.0	0.888	1.115
1655.0	0.350	1.111
1656.0	0.666	1.105
1657.0	-0.603	1.099
1658.0	-0.288	1.109
1659.0	0.784	1.093
1660.0	-0.650	1.078
1661.0	0.894	1.064
1662.0	0.488	1.109
1663.0	0.598	1.072
1664.0	0.380	1.124
1665.0	-0.371	1.146
1666.0	0.313	1.098
1667.0	0.673	1.121
1668.0	0.517	1.123
1669.0	-0.855	1.146
1670.0	0.335	1.090
1671.0	0.788	1.120
1672.0	0.285	1.120
1673.0	0.014	1.127
1674.0	-0.812	1.135
1675.0	-0.468	1.119
1676.0	0.773	1.061
1677.0	0.256	1.111
1678.0	0.379	1.106
1679.0	0.532	1.050
1680.0	-0.291	1.102
1681.0	0.492	1.139
1682.0	-0.714	1.120
1683.0	-0.516	1.103
1684.0	-0.547	1.084
1685.0	0.445	1.136
1686.0	0.731	1.137
1687.0	-0.365	1.100
1688.0	-0.604	1.110
1689.0	-0.439	1.118
1690.0	-0.561	1.048
1691.0	0.957	1.071
1692.0	-0.417	1.089
1693.0	0.544	1.135
1694.0	0.893	1.088
1695.0	0.574	1.142
1696.0	-0.505	1.114
1697.0	0.357	1.134
1698.0	0.647	1.096
1699.0	-0.816	1.107
1700.0	-0.478	1.096
1701.0	0.504	1.103
1702.0	0.671	1.088
1703.0	0.207	1.120
1704.0	0.749	1.119
1705.0	0.212	1.116
1706.0	0.871	1.129
1707.0	0.729	1.100
1708.0	-0.544	1.128
1709.0	0.837	1.105
1710.0	0.668	1.085
1711.0	-0.047	1.109
1712.0	-0.598	1.115
1713.0	0.853	1.098
1714.0	0.673	1.125
1715.0	0.459	1.107
1716.0	0.600	1.121
1717.0	0.457	1.089
1718.0	-0.054	1.080
1719.0	-0.541	1.125
1720.0	0.396	1.117
1721.0	0.363	1.146
1722.0	0.371	1.065
1723.0	0.367	1.107
1724.0	0.392	1.132
1725.0	-0.717	1.075
1726.0	-0.875	1.071
1727.0	0.308	1.148
1728.0	-0.352	1.124
1729.0	-0.768	1.141
1730.0	0.841	1.124
1731.0	0.880	1.100
1732.0	0.229	1.151
1733.0	-0.533	1.141
1734.0	0.694	1.123
1735.0	-0.517	1.116
1736.0	0.683	1.123
1737.0	0.341	1.102
1738.0	0.519	1.165
1739.0	-1.250	1.126
1740.0	-0.683	1.117
1741.0	0.547	1.142
1742.0	0.684	1.079
1743.0	0.379	1.129
1744.0	-0.478	1.109
1745.0	-0.608	1.064
1746.0	-0.119	1.124
1747.0	-0.605	1.075
1748.0	0.668	1.105
1749.0	0.741	1.130
1750.0	0.943	1.068
1751.0	0.328	1.118
1752.0	0.810	1.089
1753.0	0.495	1.082
1754.0	0.199	1.121
1755.0	-0.430	1.084
1756.0	0.371	1.079
1757.0	-0.665	1.121
1758.0	-0.486	1.140
1759.0	-0.626	1.102
1760.0	0.553	1.091
1761.0	-0.108	1.121
1762.0	0.858	1.092
1763.0	0.454	1.104
1764.0	0.572	1.064
1765.0	-0.794	1.093
1766.0	-0.120	1.116
1767.0	0.797	1.089
1768.0	-0.701	1.106
1769.0	-0.537	1.095
1770.0	0.941	1.092
1771.0	0.799	1.086
1772.0	0.516	1.097
1773.0	0.242	1.103
1774.0	0.180	1.089
1775.0	0.171	1.144
1776.0	0.674	1.154
1777.0	-0.775	1.151
1778.0	0.458	1.135
1779.0	-0.428	1.147
1780.0	0.600	1.094
1781.0	-0.307	1.074
1782.0	-0.253	1.076
1783.0	-0.516	1.133
1784.0	-0.520	1.066
