4.588177589315236	0.209827
4.937803939933844	0.217758
4.746779423441896	0.227765
4.728377021439182	0.209218
4.674344879281771	0.23859
4.273219940718548	0.158689
4.635195392575709	0.221602
4.738458679496825	0.242543
4.776331968516593	0.242258
4.811729968342621	0.22988
4.4935111738812985	0.209719
4.820032167727638	0.201611
4.650737023446301	0.204987
4.741830227397397	0.260575
4.596174302794334	0.256942
4.507802501418832	0.223258
4.666638470475577	0.259606
4.85336581383391	0.216443
4.861430974834318	0.236008
4.971012517064327	0.219641
4.864666131102233	0.221727
4.646723752145442	0.228166
5.166228498621033	0.217503
4.933579981754869	0.212367
4.766712664565679	0.226903
4.614957547195187	0.162091
4.865922635909909	0.211676
4.4071484653430115	0.168223
4.3071212462724375	0.206086
5.153777025426465	0.235226
4.418102362617808	0.134566
4.6600350071841845	0.20124
4.756714618934463	0.233926
4.4829684542580255	0.197419
4.580130023196406	0.239261
4.7000361721851505	0.266399
4.398603970332546	0.258892
5.177686791592082	0.243083
4.84194064800248	0.255842
4.766330711941729	0.245771
4.79672679910472	0.262163
5.044288412799211	0.269255
4.680394909238483	0.090745
4.757635612791216	0.242819
4.739697344519942	0.270844
4.20783642184595	0.187834
4.929339846406157	0.259513
4.6777264899523585	0.20797
4.788522598803312	0.226653
4.826880691322709	0.245416
5.0394195610914	0.247472
4.5196817082751455	0.198813
4.805873650802296	0.213471
4.660429585890851	0.003731
4.442779332049871	0.197603
4.404016266077462	0.175011
4.422360566326162	0.191736
4.436068508954905	0.191141
4.962500172307004	0.285638
4.764546140252347	0.226436
4.781283235347031	0.19338
4.535219758128364	0.230419
4.8108348470696045	0.255139
5.055457777991003	0.224827
4.64016555227352	0.20286
4.982053923435997	0.200305
4.763939914104342	0.238941
4.643643760643773	0.195196
4.656496612669977	0.182138
4.553102719257303	0.197784
4.395033216037264	0.163649
4.554186527003298	0.187985
4.333100495505557	0.20642
4.407973073750379	0.142686
4.272255713408524	0.152716
4.842265252628508	0.207732
4.452077364769897	0.195302
4.678016655848971	0.197863
4.783383415580786	0.229232
4.98404610167683	0.211994
4.917286064900714	0.221502
4.935164653158795	0.244369
4.83463257851636	0.221956
4.855718926621638	0.220035
4.779637719283452	0.237221
4.817163499851833	0.249786
4.64068059578614	0.231332
4.592208433728177	0.231797
4.763911372079672	0.226356
4.754085345950381	0.197182
4.545591767120254	0.187225
4.935891738678322	0.239641
4.921540856301434	0.25805
4.74743908186868	0.247462
4.979297649469573	0.245075
4.553208440934806	0.278359
4.223728002027592	0.195927
5.036435293804162	0.264121
4.4462457578907415	0.182204
4.747346579482646	0.242676
5.202179866476341	0.259603
4.8545427770369445	0.237823
4.607251750646443	0.20333
4.7214312225815975	0.225828
4.899167502146159	0.261018
5.273662779480352	0.226119
4.908190329788359	0.256004
4.6124337999677705	0.222737
4.532419744579454	0.194744
4.749461676996192	0.262096
4.839628357735619	0.255335
5.0289858448409195	0.25713
4.955803768525014	0.252723
4.5132452439823245	0.192228
4.630593296809934	0.205545
4.25951859685079	0.152704
4.617765533679478	0.256355
4.664456370365209	0.228179
4.766055158559676	0.222722
4.950376302433379	0.247714
4.815057567132772	0.209926
5.0068575210543305	0.22928
4.82303917012895	0.217901
5.0123276491584345	0.278601
4.855860540116992	0.29753
5.21722032075673	0.279502
5.178772544951728	0.258336
5.075229739948821	0.254741
5.2263460455359505	0.261988
4.90762949223366	0.261791
4.622153113925984	0.265593
5.0847671757229715	0.246661
4.990206079238567	0.219592
4.372425117416801	0.168898
4.757297576624986	0.242571
5.00328147142391	0.224055
4.425882386385811	0.18051
5.067004494363899	0.246862
4.7286073957574075	0.242771
4.874728063625466	0.231957
4.718737322554958	0.231331
4.966929864893128	0.248548
4.5968715102106446	0.18317
4.660587346624044	0.211604
4.846741084843228	0.25237
4.728739507037252	0.237142
4.754410494803019	0.210445
4.774034867645148	0.239224
4.9927564174354035	0.244252
4.708297222513027	0.190586
4.682289556427527	0.088573
4.420043895026042	0.190696
4.934444109257256	0.235601
4.8027449101026285	0.253868
4.67912482322647	0.238374
4.7504982267269265	0.255855
4.457581346558611	0.187131
4.6819280368342815	0.214377
5.098232907080363	0.223457
4.6395042421166615	0.216706
4.847395839775003	0.23546
5.185763669816473	0.260841
5.059030586747422	0.236114
4.833532784082957	0.220002
5.035835045998839	0.243374
5.0420754876295	0.24876
5.401762576191435	0.263441
4.4439683716674105	0.172018
4.518218190126317	0.158871
4.834705151284746	0.231393
4.33880291360809	0.13772
4.5621539392615835	0.175042
4.810179969684794	0.224762
4.66563227504847	0.192116
4.827531424413293	0.227225
5.150371969424708	0.235301
4.937889971453531	0.234215
4.850494928228829	0.256168
4.467790699487794	0.236135
4.494031224290176	0.21235
4.22978245111341	0.204962
5.098483967494674	0.258212
4.8158029686357215	0.199356
4.458773496437808	0.210604
4.908939208908982	0.182811
5.022057333377336	0.213338
4.641923655448065	0.215822
4.877569212627516	0.266912
4.419067343680827	0.269433
4.557536376543166	0.231631
4.888751500506401	0.286083
4.696169924005418	0.196317
4.823178212149203	0.220783
4.87686241863696	0.200004
4.830033263755166	0.219981
5.063715543905882	0.251507
4.914417514031704	0.250907
4.589278322542364	0.214585
4.50081016836863	0.224716
5.015856258458306	0.25029
4.675370862832527	0.218356
4.466996962398018	0.190201
4.714179031678616	0.19399
4.611104643479214	0.214067
4.78643306094587	0.238642
4.6738933280971455	0.211142
4.3962161929595736	0.188453
4.448740818877141	0.227266
5.244796911017033	0.295035
4.927639725251842	0.210821
4.906984693946763	0.269274
4.9473699258950665	0.236251
5.045159900982622	0.25715
4.893496910481293	0.225847
4.6796809178365875	0.246664
4.14981803473622	0.210232
4.715416246335645	0.218553
4.7658942521897805	0.172586
4.764656545009085	0.176932
4.72015482625212	0.185725
4.773218232174707	0.240442
4.407907488866947	0.144754
4.713532592544846	0.215689
4.679729544584642	0.204978
4.34614793887653	0.019881
4.693750118829247	0.213214
4.557117914402314	0.16954
4.870275693068264	0.221862
5.003071701568475	0.268597
4.729064310306464	0.20127
4.817312278105827	0.209091
4.524361489829157	0.016738
5.103960917493246	0.296825
4.50358520186464	0.225788
5.00457674429441	0.238093
4.607017381698126	0.230749
4.535712991715086	0.18914
4.637837196403663	0.187995
4.693053929116063	0.205697
5.131591952293854	0.268515
4.722534965389937	0.173969
4.812255705929857	0.232126
4.381576042660057	0.230575
4.747584172978614	0.223564
4.395436714635436	0.17097
4.750409528491748	0.255825
4.610595181021359	0.250951
4.488088219436814	0.17417
4.762268658788624	0.204035
5.121633012146487	0.242884
4.763043644511215	0.235627
4.489902925015594	0.167471
4.818887670429271	0.251943
4.338581298637127	0.188222
4.527098087243313	0.247134
4.886256540205087	0.240466
4.465080687598363	0.201993
4.659224135085344	0.23966
4.75020582405389	0.248864
4.443595964799512	0.223443
4.456046406683856	0.218707
5.1051283757599695	0.240797
5.092285676301025	0.198295
4.758482504602545	0.267574
4.673960023204843	0.220348
4.569268280003419	0.221023
4.85495860239575	0.244561
5.005980680392784	0.238346
4.784976911638921	0.178987
5.132599720541633	0.286732
5.002940273294627	0.261699
5.16231023587591	0.237645
4.605171513638979	0.209054
4.666400732758621	0.223591
4.569843539593441	0.226694
4.87761894415514	0.203759
4.481463672762967	0.195869
4.638272692871588	0.220758
4.668965574624076	0.210363
5.0216187946755	0.257762
4.597427542236164	0.133627
4.5857586032021	0.096905
4.279783517560451	0.132697
4.876018405791403	0.168653
4.836136968169745	0.219601
4.840572522088662	0.229657
4.433527188612314	0.199444
4.997744974749931	0.234672
4.787910405200469	0.204365
5.16284117355944	0.286916
4.447324139684615	0.186445
4.920056673824471	0.236818
4.991785547825399	0.250682
4.768440413438144	0.240291
5.225649235404462	0.219397
4.939372181104199	0.229116
4.4575634360239595	0.188714
4.588498664625287	0.19499
4.601500795596193	0.219183
4.905338535692287	0.263478
4.976532654254828	0.25361
5.040826713576571	0.235155
4.4475373953185775	0.184003
4.883198353186169	0.238048
4.883338206105509	0.258435
4.838067942560403	0.254985
4.755146037622284	0.004411
4.759304881676636	0.253805
4.894725199802121	0.225149
4.323989339703449	0.199013
4.68192637966106	0.191105
4.945628914192138	0.208922
5.144548106907395	0.25543
4.781743970376386	0.205179
4.692559294143849	0.199262
4.500688998787181	0.215502
4.869214527918298	0.214201
5.004875781103479	0.264357
4.387430841803453	0.202137
4.986356378302295	0.248515
4.220902096844702	0.037803
4.388682753329138	0.188082
4.268843427342728	0.149497
4.511027945943304	0.222515
4.075766981848207	0.216145
4.408325989102099	0.205297
4.806145530648931	0.203265
4.721077270476508	0.209896
4.472275759081599	0.191508
4.593453256688463	0.240565
4.640684663888672	0.232458
4.920104383548298	0.231221
4.757204247013514	0.213984
4.508480984682149	0.217371
4.674227965561291	0.249453
4.53753130008383	0.198932
4.9345933501045645	0.239389
4.952966978788271	0.278146
4.309274815244431	0.188299
4.594955548341716	0.235037
4.853072839721618	0.199884
4.82762312950579	0.241624
4.812521787028299	0.24048
4.87779466712438	0.23539
4.841068580217413	0.253082
4.269579838204078	0.163508
4.449536049870453	0.193105
4.86302377427936	0.231078
4.560121686812826	0.180175
4.8166552836752805	0.251523
4.7843249758044815	0.233414
5.03119444339957	0.262488
4.838944179129994	0.004951
4.497207522328735	0.23712
3.9479402704468693	0.151591
4.550437660578963	0.192354
4.958970733059348	0.182912
4.681800897075647	0.001428
4.588563533848477	0.187109
4.683873460471362	0.164809
4.416600876420494	0.235681
4.821568762056361	0.197038
4.852103518441988	0.200231
4.886348697006149	0.262816
4.490893158247139	0.193776
4.805563895431407	0.185907
4.546567834101111	0.233665
4.652538825386687	0.185475
4.957389321579667	0.202689
4.537471587417938	0.215007
4.795462639733992	0.235725
5.068305944217172	0.218478
5.086708523095118	0.256233
4.844614915014301	0.197047
4.732435455479066	0.211955
5.13040719574838	0.265226
4.47901968210818	0.233112
4.733573699601419	0.237628
4.979598569307693	0.227169
5.014986160778732	0.247486
4.399791249374072	0.197006
4.971022492759447	0.214518
4.878442545741037	0.261303
4.727407199470391	0.239707
4.959137830019111	0.237989
4.799361571510272	0.219124
4.236140040482782	0.177614
4.573943715897673	0.194082
4.926745278823968	0.202425
5.260367165545591	0.235433
4.489052114767414	0.200554
4.78347731935386	0.218123
4.343741080879295	0.186482
5.143309436441131	0.19146
4.860850327389567	0.232358
4.708099768530381	0.218033
4.742517195170004	0.234992
4.760743240176529	0.21582
4.294620123181995	0.174764
4.731575703565243	0.236588
4.974685055551566	0.190961
4.253717235426228	0.196393
4.693970103839635	0.22245
5.203116302795436	0.258413
4.691569354797426	0.163642
4.5063703226225105	0.047912
4.48010758788706	0.234988
4.645368867292589	0.214402
4.827202422427659	0.241974
4.685014556348389	0.197489
4.424002819746242	0.197702
4.689258269993674	0.208269
4.371509565835428	0.015977
4.678068001012368	0.19078
5.007497799531678	0.226444
5.248342513827329	0.272226
5.192902655910986	0.22782
4.641937165900762	0.18608
4.7852589875902645	0.158063
4.582943996185779	0.174512
4.286291090646925	0.180579
4.358762838214696	0.21225
5.083336988800095	0.249123
4.816008898963708	0.210525
4.6174184197952055	0.21749
4.446061950417834	0.219561
4.758554217491248	0.251592
5.090845734097258	0.273649
5.065193067754968	0.25313
5.055188513161557	0.26281
4.977361986558079	0.247823
5.006943318555786	0.229387
4.650151837143303	0.235984
5.00080346109248	0.273702
4.7568001579273895	0.272957
4.641690761356135	0.230885
4.936624187563828	0.243247
4.934436841095823	0.250915
5.017354166359047	0.231396
4.602459025514839	0.203364
5.197678695021291	0.242037
4.829114746133124	0.238251
4.7844423902141235	0.225951
4.49968060195715	0.225389
4.81735505168349	0.230273
4.254442465129349	0.178139
4.611637257384663	0.215023
4.515667394779315	0.219383
4.964462216658438	0.228811
5.3227112052259145	0.234735
4.718248097205423	0.235375
4.87943247420271	0.24232
5.003477518577914	0.262056
5.004892211338597	0.219647
4.409819205759657	0.205814
4.478738261950188	0.097127
4.834517395441542	0.249893
4.780295334133848	0.217231
4.882705900565089	0.239611
4.803517759730787	0.246724
5.048756220374062	0.300255
5.020118489454091	0.210308
5.38593002294734	0.198556
5.2048943709657705	0.183719
5.288570208177471	0.175428
4.954629042096857	0.25082
4.654785979759427	0.227086
5.134618759142071	0.209219
4.876606280580939	0.239918
5.217480654809921	0.2295
4.651342142089296	0.214468
4.541539333191003	0.244283
4.876289714197236	0.249856
4.969292088056239	0.245048
4.719096703332972	0.245909
4.9397607624210345	0.243145
4.9326211123692225	0.211526
4.452503378069462	0.083568
4.852199044013236	0.229263
4.582833335642859	0.058199
4.669218757524177	0.225035
4.807596999595899	0.228201
4.6379954170093685	0.192257
5.022237157101808	0.207385
4.661122151044574	0.189585
4.6976964256291325	0.257507
4.612062059777972	0.214956
4.871663054712079	0.211559
5.107753937109694	0.232467
4.779075741571044	0.208847
5.440146576671161	0.264719
4.492472553364624	0.15887
4.833569190197066	0.194224
5.034711523235439	0.245692
4.578432111607417	0.20558
5.488169856980793	0.198545
4.63481843596172	0.264826
4.747915515146561	0.213104
4.554003960370093	0.233023
4.284922801464969	0.233546
4.239512070022272	0.188466
4.95244053914634	0.262239
5.110008343317517	0.282087
4.666071219197528	0.2116
4.656029330581033	0.239976
4.77559652637932	0.23334
4.525467736083304	0.20107
5.030286568150747	0.22201
4.630032249725756	0.206614
4.868704586540779	0.21858
4.763875937413534	0.201736
4.809406173102056	0.23786
4.934471726093751	0.256642
5.4054495203860995	0.213388
4.9403827249134125	0.227763
4.416311608499413	0.19925
4.4044845386584335	0.197411
4.727153779831259	0.222308
5.093033891461255	0.261269
4.639170437321101	0.222904
5.215647486304383	0.255804
4.748449810713981	0.197139
4.717487130790187	0.233562
4.518343808770316	0.211391
4.5902133683607165	0.200464
4.61480497567354	0.28006
4.99770344201197	0.259956
4.584513276831852	0.227407
4.792017460543713	0.236428
4.741028985407157	0.219298
5.385039625573301	0.227932
4.753333851817209	0.21691
4.444085375188228	0.197252
4.7283070636879865	0.213938
5.032002028363066	0.215702
4.81605334876329	0.234505
4.684697606283867	0.161499
4.5304270384383605	0.052412
4.824359262503466	0.228849
4.262854840699116	0.170085
4.540253312192979	0.216529
4.455955240376369	0.224014
4.373637164260947	0.184252
4.702365624673722	0.242125
4.780522413151235	0.240798
4.913347867093248	0.264391
4.678909172989545	0.241741
4.671749566107439	0.214601
4.776939881769718	0.238676
4.560144343012858	0.196721
5.222245199831272	0.228677
4.253915576501201	0.180869
4.65462663532236	0.204788
5.317975379102921	0.248041
4.758887273972319	0.215277
4.99332641706224	0.242654
4.517340163047265	0.202224
6.967152572367405	0.001158
4.822819185118563	0.238227
5.228601610947086	0.280923
5.342079034560159	0.247087
5.062974101659524	0.250655
4.88914330093238	0.251994
5.395157325111383	0.286836
5.128722049019947	0.25841
4.752677398892472	0.241434
4.645686900367183	0.165584
5.386688692723901	0.219902
4.777656210626937	0.251065
4.998511089560066	0.28235
4.327977258155337	0.203903
4.604890640431491	0.205738
4.58677109806811	0.245429
4.969637495786694	0.240291
5.146725363391191	0.26717
5.814282715407973	0.272368
4.588982945666256	0.169234
4.750180381409222	0.195609
4.777355173783569	0.199035
4.387241875053992	0.18169
4.538193633388509	0.223691
4.503524803473498	0.236878
5.367459358462499	0.256062
4.426609888240404	0.154126
4.693777773761589	0.214138
5.235502105568553	0.22143
5.418699506267722	0.267768
4.7352165217384075	0.242121
4.839839877282319	0.240469
5.602508183545507	0.278073
4.6988525884500865	0.20447
4.61899207330904	0.002545
4.805605852666835	0.23438
4.814411196026749	0.180689
4.927979004980121	0.218126
4.7806779588775	0.251409
4.4520926575696524	0.243104
4.505798725684705	0.194902
4.866102339905239	0.264692
4.90990436412334	0.286712
4.759075125055915	0.255472
4.919303391904186	0.245041
4.697529347716519	0.218981
4.649438713785039	0.233241
4.54282347388387	0.202405
4.390044193405528	0.210126
5.320937224208357	0.243148
5.342663872558932	0.273432
4.545871573640927	0.231934
4.442872131040281	0.198628
5.128789160462709	0.23595
4.5361201420822725	0.18998
5.765121079409247	0.28402
5.385305456327162	0.279739
5.157102632343173	0.256021
4.553435163485564	0.207951
5.129427947754227	0.238926
4.739068777824978	0.265159
5.4198426566027935	0.256768
5.230884341486151	0.229098
4.541585339481814	0.180704
5.2714663961125	0.239094
5.616883964340453	0.232411
4.820208320637494	0.260852
4.642191880804886	0.191188
5.986444342491636	0.283215
5.679192250983859	0.294022
5.544707952840858	0.272082
5.922876157781617	0.306647
5.931577768618219	0.257979
4.528991420121761	0.201673
5.3891475816128755	0.231901
4.917619589418248	0.253581
4.78368869196032	0.171495
5.449964755037363	0.267027
4.360467506392755	0.002685
4.460953514877488	0.179462
4.496898958815405	0.204433
4.446973346820231	0.195801
4.789029231279084	0.233453
4.483241798076299	0.233368
4.873611000845211	0.183766
4.4339355852608024	0.216099
4.35753209442711	0.147156
4.508317827931826	0.235777
4.59876300360213	0.234766
4.6470999114643465	0.179881
4.68886876349021	0.225462
4.920210780067849	0.247678
5.017921025792327	0.248051
4.646008152552468	0.204114
4.543817677255208	0.056095
4.59425123603211	0.20518
4.627212312000798	0.204501
4.570903333291359	0.207774
4.636655065757035	0.215703
5.36746744024382	0.273854
5.133173456293126	0.299696
5.088454392031715	0.233753
4.977365104983684	0.249832
4.526553266309468	0.220581
8.367696853265775	0.005703
4.6525800587994715	0.201506
4.467617352072817	0.239174
4.9058069470541925	0.220711
4.881321785239969	0.205895
5.155732109104045	0.264329
4.705366888193731	0.190822
4.6212677860328	0.208515
4.614137858607633	0.167238
4.142884353108242	0.175815
4.562695854018557	0.231224
4.39140468108419	0.239717
4.992740395371403	0.234852
4.485455893334072	0.25157
4.738711086872884	0.213013
4.510960012716705	0.197204
4.889730759385303	0.218429
4.671761541838405	0.26741
4.959134956496486	0.224535
4.51314592514497	0.222585
4.694663142471421	0.230019
5.105670353103088	0.259199
5.226717124489251	0.189674
5.408730135994322	0.235721
4.673288092442715	0.265065
4.965227373629243	0.236784
4.653042053715678	0.196544
4.724823440250359	0.234711
4.571408177975378	0.194667
4.861612774105885	0.267022
5.304245708183121	0.25004
4.633123901308412	0.245926
4.993156397600802	0.26225
5.1488834576158835	0.243502
4.935852192370658	0.201811
4.577908540046511	0.216672
4.976575501303386	0.244432
4.610079348377602	0.211371
5.275041098778079	0.270685
4.620279854884625	0.297095
4.689970865450131	0.2214
4.966394108073323	0.233522
4.731942717138358	0.233981
4.790396791195248	0.248651
4.805300385808066	0.244637
4.652163490572418	0.222876
4.814314535739392	0.233521
4.81990918586878	0.244083
4.957764305365815	0.245673
4.7291564344548265	0.199378
5.305819176660868	0.273507
5.256155398065569	0.274113
4.938316314010172	0.25931
5.5544590224881905	0.270306
4.550829392975649	0.224297
4.8120098156814874	0.260434
5.432801540516426	0.279163
5.844856212643779	0.29217
5.726539350113544	0.253861
4.86717175554781	0.235307
4.822354479949415	0.052718
4.981013604929454	0.252677
5.267045598929131	0.28803
4.674165485497913	0.270314
4.845622604348039	0.253235
5.0836950416635105	0.282683
5.25154898113188	0.27163
4.955705287797845	0.247523
4.39242193522113	0.219558
4.5994734765712515	0.188512
4.545341936660897	0.002061
4.941610230546251	0.244964
4.323685206202426	0.094465
4.448350281060361	0.226113
5.29357310045088	0.299637
5.384091197196889	0.279197
5.393135140875789	0.255857
4.462189417944721	0.145
4.634710257096658	0.256211
5.3876782619966	0.253643
4.812693931700967	0.2272
4.69480669886117	0.206299
4.829032907889807	0.286051
4.337687630452547	0.27441
4.593351330999413	0.257034
4.537810891634969	0.200061
5.377302914169516	0.277662
4.814791902369397	0.274055
5.52380795103089	0.252948
5.592845550904023	0.272414
5.333204781085621	0.240226
5.435133452914904	0.204061
5.227729760852354	0.246243
4.7223454952274215	0.242824
7.322369875086593	0.010465
5.455568937314159	0.284234
4.552605575396131	0.179573
4.547720051271023	0.167661
4.9200175846685195	0.208718
4.755001153316389	0.217205
4.910220367231736	0.210639
5.475766643178264	0.237196
5.344129981231558	0.249486
4.973278526207046	0.234848
5.013949396076916	0.278718
5.009289652989588	0.232404
5.735662625867605	0.257176
5.886751175838855	0.276502
5.27234112517146	0.244276
5.165092235485828	0.231674
4.7783552929083495	0.268831
4.768251419476038	0.213782
5.178655525106107	0.218856
4.328672830169471	0.21573
4.278629039123816	0.233414
4.1771346991144505	0.220168
5.325704552953542	0.234839
4.566414289949118	0.19466
4.53180823670186	0.07182
4.494434249410285	0.23532
5.614037035642	0.250393
5.966126373184014	0.281476
5.700755636457425	0.296375
4.7946365619118385	0.203103
5.502133698205725	0.27499
4.884785966142013	0.234689
4.82473724226373	0.232752
5.132527934185131	0.238826
5.391465254292865	0.264431
4.654315973810446	0.196172
4.387402435838916	0.179745
5.124928229387613	0.289195
5.587661904276366	0.279106
5.16618443522307	0.222726
5.19710380550654	0.270119
4.750789693327039	0.222323
4.879610915588841	0.21241
5.376766398150474	0.26435
4.523494891532113	0.234657
4.97800864882533	0.234932
4.577641043955482	0.215929
4.980096047869087	0.249362
4.235052768727756	0.254107
4.686329418694713	0.292061
5.707187123788981	0.26582
4.481555407787362	0.264575
4.915807934235779	0.240752
4.949034601496949	0.217711
4.9537670751776535	0.260921
5.873531699365049	0.252835
4.654495280519407	0.259486
4.441280852711421	0.244621
4.646522728030173	0.256609
4.626378819075424	0.247651
5.376430947066441	0.27021
5.000774094566267	0.220591
4.831631870110804	0.208089
4.424239523432175	0.062298
5.6128310106764365	0.258628
4.680102182749972	0.190284
5.040787123731458	0.237738
4.913333967516583	0.267574
5.228092192028226	0.253148
5.235657937014446	0.239159
4.615931842716828	0.261795
5.749168028704952	0.286864
5.270142107740814	0.252389
5.801372504500645	0.272875
4.598156497177646	0.246162
4.516504267358076	0.174451
4.318657075367588	0.198845
4.878135799948265	0.200259
4.873066501006041	0.206501
4.385141294813068	0.18501
5.343708806116964	0.200762
4.991188998047337	0.266698
5.195433257688664	0.264241
4.395796680458255	0.213617
4.388293358392414	0.209502
4.9394900254544565	0.272989
5.135252289194296	0.271422
4.7463620878547506	0.244406
4.632382714846688	0.275999
4.91910760053791	0.26072
4.854301724971999	0.239954
4.6391927805888615	0.226078
4.945570167529524	0.269867
4.482458023076093	0.213692
4.63198169520712	0.190712
4.739249779803007	0.272559
4.870277089013702	0.239261
4.892098422101445	0.260865
4.927492533422522	0.259055
4.7031608910420815	0.194982
4.728636193568259	0.219684
4.6897571363381045	0.050085
5.192920231743868	0.22253
4.596015151558852	0.190222
4.569297047882372	0.20613
4.469033481594039	0.222821
4.54297488075751	0.220274
4.541656565286903	0.02662
5.0318018804538305	0.255399
5.084418064522106	0.256851
4.856464945825184	0.253762
4.449943654667005	0.041231
4.6974441760796095	0.016564
4.596348629819683	0.222148
4.620726282167745	0.182142
4.376733860834159	0.168085
4.463581911655537	0.223114
5.055715456213449	0.273165
4.754550255204315	0.223366
4.633687830076069	0.178064
4.924505310977818	0.232152
4.734268357312126	0.2403
4.624601725075409	0.229891
4.959156265733224	0.213748
4.854865691837051	0.201455
4.836905431323044	0.235417
4.74349287030764	0.234679
4.85347470019372	0.222845
4.95965803825298	0.267651
4.897690138842863	0.255313
4.898230869904679	0.238786
4.203542862382405	0.207657
4.499062990566131	0.204175
4.708689681453158	0.169925
4.807941286218888	0.220228
4.697664963825135	0.188138
5.30280889256736	0.215037
4.367138595421621	0.201542
4.317094853356562	0.186543
4.953162002792907	0.254139
4.617371678798548	0.240315
4.527029628835708	0.19921
4.644314929484315	0.214686
4.6746724254597165	0.2599
4.589427421891032	0.236659
4.979363133671014	0.272179
5.081211597219102	0.220917
4.8924634165884715	0.199961
4.768268423872758	0.222476
4.355904701145369	0.219589
4.373604173176819	0.175738
4.3735001440475845	0.217997
4.783604551632085	0.189134
4.678576339641957	0.234043
4.569141970191023	0.179475
4.924662739733133	0.175257
4.552345625022213	0.214095
4.567364168693166	0.193795
4.964035490420977	0.257855
4.600421289969413	0.235193
4.812305758555249	0.222645
4.849117830720561	0.228701
4.856174330939261	0.241498
4.709083558103584	0.272664
4.977829641441547	0.258238
4.732768215357308	0.230488
4.5724168197083905	0.046063
4.1843780000578255	0.205518
4.395495142924178	0.218507
5.0560512828159005	0.229834
5.2115963313122275	0.296664
4.573884389633401	0.209035
4.465636580844496	0.211702
4.6139442114981915	0.205182
4.727671198898144	0.248265
4.742319814658254	0.23501
4.448742320944626	0.001166
4.390612356266202	0.198846
5.153825165089361	0.242675
5.018601054662124	0.223492
4.682801154979814	0.1921
4.657729372822853	0.23628
4.846451397867828	0.216465
4.93847068148288	0.235772
4.766001750772741	0.207893
4.687592524985722	0.240783
5.072244234542682	0.218323
4.3606335557128535	0.199985
4.749353666840868	0.22515
4.761525385216159	0.214263
4.484643745022029	0.209375
4.881337200491214	0.251958
4.363505663108938	0.196674
4.622901364461261	0.258553
4.732981288675983	0.238599
4.729683276824726	0.24957
4.4757336378254875	0.19137
4.613117268354753	0.207157
4.981587071287668	0.217868
4.927938525320332	0.238504
4.5369811103439535	0.217364
4.908398208453888	0.229034
4.4920979396522	0.235717
4.600204913190591	0.246085
4.436424591712826	0.217325
4.50965849211334	0.205036
4.684321555810904	0.246496
4.575834371178972	0.205299
4.540542792361247	0.173535
4.4889869053993054	0.179808
4.509134452515972	0.189803
4.628054849989968	0.208792
5.2774014008162915	0.268148
4.748394245063117	0.206094
4.670484658423769	0.237929
4.980841125558109	0.290415
4.622584934136145	0.242108
5.775718219082528	0.251994
4.689480499942887	0.240523
4.915031517194251	0.209348
4.973270341022933	0.23289
4.889412772567411	0.215474
4.9443571737292515	0.216353
5.1758996892427	0.233058
4.778198043750615	0.232242
5.1937719835096665	0.23525
4.819213543104553	0.243107
4.702557693522438	0.226569
5.322505002785396	0.191278
4.898462702751394	0.208404
4.709397702673226	0.236138
5.116366272828714	0.275163
4.829799877136476	0.295794
3.963190143554574	0.155174
5.1268785184192165	0.209869
4.771717200406759	0.210271
4.63004038593082	0.18782
5.0906381248250065	0.256019
4.957928501591855	0.256803
4.421960746708101	0.186966
4.9171641388423755	0.217909
4.760179553591051	0.216508
4.508685007492333	0.228486
4.114907779960193	0.192866
4.029718897153732	0.205134
4.323787618976635	0.115909
4.715364610007925	0.217204
4.450269187202009	0.240932
4.630546302744802	0.209429
4.562057836809479	0.250848
4.991803907349364	0.165077
4.545767182598823	0.240031
4.489585324600869	0.242424
5.731208380448395	0.195707
4.740430759407177	0.227331
5.005668797089864	0.277197
4.783307354314619	0.191047
4.618102494998037	0.225256
4.945742690439864	0.256049
5.031157925720266	0.220805
5.040072729601593	0.246565
4.43038533202397	0.177775
4.864613147812765	0.210441
5.127970641964764	0.228843
5.146397305639335	0.292573
4.671985698354118	0.231542
4.426329276262245	0.135092
4.609085653859373	0.20178
4.847719867521721	0.210419
4.390396447522296	0.218986
4.271021745071738	0.216162
4.877717979995214	0.247689
4.948936324853019	0.218401
4.54404070993956	0.219329
4.720352397241561	0.273784
4.7002038623521205	0.203793
4.621608415443629	0.206519
4.698418994058362	0.205034
5.54640380452711	0.295143
4.651788231949845	0.190258
4.803412125131274	0.238427
4.382692634683048	0.153274
4.692719721592534	0.23679
4.660174177099075	0.208603
4.620404295276614	0.251001
4.584928459999762	0.221597
4.753119194796207	0.232507
4.468721677202067	0.239721
4.553508675044581	0.214797
4.417364163969345	0.248198
4.623026506904849	0.267161
4.158654404519462	0.218483
5.636385670973704	0.296248
5.317779661207539	0.239387
5.177470692368939	0.261784
4.543462979554883	0.222805
4.775266718936199	0.250559
4.262503340336891	0.138706
4.301594594678141	0.238704
4.461748822064042	0.207878
4.315063041731621	0.175602
5.717232819278679	0.233251
4.63963872895077	0.239825
4.381775472189796	0.186849
4.7745133581018715	0.314746
4.9994944219846476	0.287708
4.959654141582533	0.223189
4.692798172020061	0.000241
4.466827772882818	0.185234
4.497034523219531	0.22978
4.585393548849729	0.184019
4.676779139145965	0.207547
5.007170348594124	0.224806
5.157326029659647	0.237504
4.607284782548765	0.193907
4.706573903652869	0.196996
4.4763605065305825	0.203445
5.059713276889564	0.225073
4.33623218047949	0.213173
4.831127205021272	0.20276
5.101164626460347	0.251205
4.83321663131352	0.237009
4.756959845225534	0.236791
4.381195602989886	0.184034
4.841886894630573	0.236119
4.5990395665264545	0.202633
4.5152509653316475	0.223351
5.056711904525161	0.261809
4.7706283884884	0.258606
4.335937543752376	0.163827
4.770298088518518	0.209006
5.178578133202993	0.256649
4.98841711835198	0.261203
5.555328393624319	0.281765
5.415781615714308	0.273548
4.487480436799127	0.168914
4.677629905858243	0.199944
4.90320063231612	0.2708
4.751490555233163	0.187899
4.353051894787773	0.168777
4.6888888917525895	0.047879
5.327153888529971	0.240381
4.741646800884507	0.251914
5.159012743764058	0.242897
4.7337010978685825	0.227136
4.965449489289368	0.198228
4.415076116324098	0.190632
4.310862953379735	0.221802
4.981106825696531	0.247388
5.477079026567531	0.221682
5.388298461190616	0.201191
5.441281446581727	0.235812
5.260740532976713	0.222947
5.88292353789541	0.275462
4.856876275860097	0.276517
5.330825006579927	0.243652
5.3809833357917976	0.274637
4.453806463328005	0.191549
5.839884003929527	0.320101
4.71595201131785	0.227504
5.154364867560208	0.288708
4.902759010565273	0.2751
4.73242658456661	0.210625
5.307951175166795	0.26783
4.6784402881511244	0.22843
4.97008362374309	0.292387
4.967081650005986	0.260692
4.486815809575026	0.181683
5.2282499908572655	0.236261
4.843843423234187	0.277064
4.60119799273057	0.165986
5.24387455658989	0.227595
4.77879263975108	0.261139
4.760814754422047	0.284835
4.665983603977062	0.217653
4.689574430927059	0.217414
4.453587547725234	0.207096
4.377371341979029	0.192789
5.535758606825777	0.3031
4.339341886814692	0.226973
5.4760169498364855	0.255749
5.603099141384054	0.253233
4.567536174586447	0.225519
4.416225887191199	0.239602
4.606835239562388	0.214594
5.38940307204104	0.25774
5.127046233078031	0.233238
4.354375298787931	0.156489
5.2821822481796685	0.262376
4.6885341967746115	0.245912
4.68893387761638	0.219176
4.515689814241862	0.185527
4.735453707066352	0.19264
4.39177764034574	0.175674
4.622818152042003	0.227682
4.75065766640129	0.206675
4.934962339223229	0.239171
5.215985302057931	0.224259
4.676733826745899	0.127721
4.877004736907807	0.261049
4.8443657593985385	0.190098
4.939619031915791	0.192082
4.878261034909897	0.272775
5.3217561236663204	0.278573
4.827913613776276	0.232401
4.924977431251733	0.258983
4.51955916996245	0.215633
4.750384953889164	0.21346
4.473026964772797	0.083579
4.757131859282764	0.214015
4.958603221520965	0.224632
4.602895830850212	0.219746
4.522681145912195	0.223488
4.824744749886541	0.243373
4.649398596038119	0.237375
4.319937806472074	0.217574
5.144699053908521	0.296712
4.622347705269205	0.232365
4.871382698520102	0.252693
4.884474267875182	0.25545
4.654748988598967	0.221731
4.750773127034882	0.240627
4.520416562646814	0.237478
4.911846122387406	0.24435
4.563677352394684	0.225653
5.280697018064587	0.198397
5.407168392904507	0.203678
4.868812868808634	0.216611
4.566981620141209	0.237131
4.612425748116802	0.206633
5.019521104285097	0.258911
4.8892167907219	0.201518
4.786779211547667	0.20145
4.7454817614115825	0.23468
4.558596175682687	0.213475
4.79812361670425	0.233963
4.702642318213484	0.242904
4.6008166822975145	0.222234
4.691542382871081	0.225485
4.517983315047238	0.201971
4.586248952382994	0.230592
4.918114248882307	0.273528
4.554951177841795	0.204023
5.054122166963995	0.251807
4.58607159128923	0.232797
5.051128421951546	0.211241
4.98016880295276	0.244098
4.6063647764632405	0.206854
4.56526549869239	0.194791
4.338819531601644	0.195394
4.911055609848375	0.173769
4.4263905426970185	0.154336
4.493200550465231	0.214579
4.469977602408086	0.235247
5.0148373906871395	0.204963
4.556914158264607	0.217015
4.287107154678111	0.20116
4.4664210143603995	0.199286
4.916558633796215	0.228304
4.291786280437225	0.0218
5.092150027541257	0.211301
4.922463403930161	0.251181
4.709927116521321	0.212065
4.70088669671525	0.221225
4.906308806650391	0.215346
4.904925986587171	0.231541
4.820049947646853	0.249281
4.946785017147747	0.253946
4.525884965546856	0.187714
4.581124319085789	0.197678
5.015967618335118	0.251219
4.985609779497092	0.248476
4.488321415576268	0.188065
4.992955495937023	0.236987
4.3875094935949654	0.234098
4.693819676573274	0.238457
4.683224599525079	0.200567
4.507222313848142	0.176821
4.694475242407229	0.187706
4.685983338843011	0.216512
4.798270979965656	0.238467
4.758679866065599	0.220771
4.746231413335445	0.251484
4.7225689224773415	0.181557
4.662085474935919	0.184099
4.801033697587329	0.22403
4.761589824500281	0.208344
4.879489582740802	0.222644
4.460986171261392	0.166634
4.670635790462529	0.219343
4.162558443872446	0.166971
4.522389935098264	0.097033
4.576499610658976	0.215124
4.556611466967271	0.189004
4.712249880450116	0.22557
4.275394285583871	0.118463
4.7300224232167665	0.190632
4.746320144223324	0.245006
4.947133407246769	0.247726
5.073739902947745	0.234225
4.444197409905542	0.196343
4.332711413501107	0.180498
4.312528673898936	0.000224
4.596869004044036	0.219574
4.737110717220433	0.23267
4.264426480570009	0.189058
4.460424729614739	0.241971
4.453114009741023	0.20669
4.792442769067784	0.224163
4.612460518827188	0.178341
4.386575473645235	0.175633
4.825318303321199	0.243826
4.782219701599573	0.225615
4.660049935350271	0.213539
4.712559380036371	0.178471
4.579919635643468	0.206503
4.6563647517347135	0.075555
4.2363314861908465	0.190062
4.736912901326466	0.215316
4.966346316714653	0.229037
4.472876142943962	0.195752
4.789039998823047	0.208593
4.542223544450874	0.178607
4.994614282993467	0.195882
5.237031118805118	0.247265
4.76022407141838	0.177708
4.45736242823504	0.19689
4.5006764897128075	0.178807
4.578820241215687	0.22018
4.843984489782131	0.227012
4.688735008642693	0.178965
4.731854927763458	0.196788
4.615019676233538	0.184301
4.683005253981693	0.221414
5.113619163656776	0.22643
4.6297146493110315	0.268558
4.847229989098089	0.228146
4.973219670700037	0.235065
4.921513715663803	0.223019
4.776390007681367	0.183104
4.474287543126152	0.232994
4.561755929200133	0.242673
4.890011442113556	0.202475
5.2639239277461645	0.226762
4.471573474018938	0.091171
5.084024664068997	0.245327
4.588645295901647	0.199534
4.164186525601783	0.198339
4.422219736518796	0.214043
4.503581599077769	0.206874
4.695572664008715	0.207843
4.971056659376331	0.223136
4.612293881739938	0.221612
4.7261974166137675	0.265375
4.814563685913554	0.283409
4.756956383937304	0.231311
5.79608863017226	0.044577
4.92807562989243	0.205926
4.496264797458579	0.196964
4.565400015459944	0.242876
5.215361230683767	0.253357
5.093854453535589	0.210359
5.089592298733044	0.261509
5.154708351446511	0.230912
4.892772271266123	0.201704
4.977399998144013	0.195386
5.457868952524878	0.276638
5.1273263552517765	0.256385
4.6686208635036195	0.22257
5.338270335740788	0.253612
4.775909571609447	0.226689
5.0528305676320056	0.263258
5.126676362311733	0.246627
5.026891811659584	0.274285
4.802861758516163	0.210503
4.601769848176905	0.202843
4.809804662083171	0.255559
4.6686633295921585	0.233456
4.6978307165408575	0.244169
4.756062928003004	0.226759
4.484473339158971	0.190378
4.89092278409221	0.202298
4.588811323452247	0.238982
5.013059491226544	0.188257
4.913771036803634	0.180718
5.0640412179395256	0.262244
4.667603231127462	0.083198
5.194909658915113	0.255409
4.892912894267903	0.226394
4.98777594462145	0.287157
4.852753699142014	0.251263
5.308086388544348	0.261392
5.163457919629174	0.277797
4.663717091424381	0.21394
4.779082911771285	0.216874
4.949112872328443	0.254969
5.092157488902726	0.247623
4.843006215955202	0.233245
4.776320452656594	0.232951
4.461490762881576	0.198113
5.044146646917374	0.268526
6.2188302286628385	0.000991
5.103673684983057	0.26788
5.027514424503711	0.259619
4.580172209008466	0.211653
4.593926027312581	0.230054
4.7490484367211305	0.243629
5.176922655049843	0.296186
4.816701869569295	0.259327
4.951069858082223	0.241114
4.5887166441551335	0.201114
4.737179899449135	0.219316
4.924017097891355	0.199166
4.38805552271272	0.204591
4.635309209641629	0.235385
4.7264665698764725	0.209372
4.443253501340228	0.163955
4.63417928131728	0.212898
4.4488174896768635	0.216207
4.497020422280428	0.210959
4.878527276555676	0.263053
4.280800077806645	0.180384
4.683112545757521	0.226605
4.923206144159219	0.267033
4.894708192686147	0.257041
4.329097722360023	0.191074
4.482068380514043	0.030584
4.698771988324124	0.201105
4.8929542855072246	0.241538
4.835033872993901	0.236972
4.821274370230681	0.234921
4.55347434515956	0.20876
4.218742606674571	0.203063
4.690279113311934	0.220667
4.4239931569833955	0.185562
4.772298672356147	0.218146
5.236495783760432	0.232966
5.045513787780766	0.207009
4.782261571760105	0.239931
4.372816242997639	0.174374
4.439401490156638	0.223227
4.939599788023393	0.223514
4.986591852033275	0.245231
4.313541299378837	0.11275
4.528851719587356	0.208551
4.625783474763565	0.219287
4.123051445810326	0.1984
5.175717617857054	0.217748
4.345619733216984	0.192063
4.771369588552579	0.218705
4.858111648306269	0.273763
5.0586521579993935	0.262896
4.489496884874219	0.257646
4.42968432589686	0.201129
4.691262614446256	0.254011
4.357695632137451	0.171941
4.3722027568521495	0.190927
4.309630541534179	0.104383
4.370898906954316	0.007944
4.444660166740241	0.213436
4.854021170138385	0.241073
4.688277759391867	0.262363
4.977378582782135	0.238744
4.953567501428473	0.254986
4.695921356155261	0.214646
4.295701911841902	0.167275
4.193499572380418	0.152162
4.588400447846701	0.205399
4.788816451843984	0.239232
4.620456184666621	0.218695
4.313450146676899	0.170416
4.507661154592861	0.183655
4.457077546790365	0.178265
5.242808798157932	0.266854
5.262553856218697	0.239147
4.131951128325529	0.178582
5.019284384272814	0.220431
5.022705260973041	0.217014
4.935132736923885	0.195724
4.836142829502537	0.225983
5.000059104506849	0.240782
4.91856577557818	0.202944
4.317377220469134	0.151536
4.6065785436726605	0.162218
4.915420395115462	0.246703
4.481412817403983	0.158724
4.925685011647985	0.242748
4.530015177780841	0.192678
4.95058151438187	0.243575
4.938863164913309	0.214898
4.870262381258751	0.218526
5.000145546918453	0.24808
4.61424980352925	0.216269
4.446238535987558	0.226117
4.922455746644761	0.246417
4.308366373999501	0.170677
4.866816222459646	0.233439
4.926903651811515	0.249661
4.924326608363905	0.233489
4.634790908925563	0.244941
4.658877361342896	0.269833
4.373338358750855	0.170251
4.985125675331356	0.231375
5.222440294586002	0.245374
4.890643255127216	0.235392
4.680211074554476	0.200937
4.981090860775528	0.230432
4.650119104566158	0.216913
4.658350167944876	0.225133
4.8810894897999395	0.206418
4.630460056255582	0.216895
4.481627215916457	0.223709
4.52321845105928	0.18564
4.700372738938142	0.239426
4.686686470178258	0.178118
5.119992859447338	0.226727
4.717529901645503	0.231144
4.699411793321861	0.221452
4.540141723739535	0.250077
4.278716270663463	0.212308
4.993391403296866	0.247524
5.435888275001615	0.28008
4.4706785867657	0.011714
4.6865379259424955	0.206233
4.336040764703324	0.176193
4.743682966330061	0.245236
4.660122418321413	0.21417
4.422550129008269	0.180908
4.9277104748565215	0.256366
4.678372529080506	0.205433
4.849943685409232	0.202417
4.549673050557114	0.161636
4.614928175225827	0.209422
5.453565899009772	0.256782
4.588220874468357	0.248666
4.391035577677984	0.207756
4.252276634706762	0.22235
4.8251712067322705	0.208254
4.687650477074053	0.130837
4.287933412096298	0.192065
4.648461027725261	0.223694
4.524708026832573	0.182631
4.721728814464632	0.239168
4.7373330886682865	0.214223
5.163116683402497	0.216978
4.382795782164649	0.231223
4.773233293677031	0.204396
4.964713375032394	0.266442
4.775693069656788	0.269572
4.9324747913012414	0.280536
4.771048635695565	0.216202
4.757243447734661	0.013581
5.027858547857017	0.26632
4.5963859012550765	0.199359
4.570918332205992	0.231808
5.1021674694482595	0.25901
5.525198077351391	0.242757
5.493280285931462	0.273098
5.362963397986945	0.221766
5.417415844496066	0.167055
5.677094185075038	0.221928
4.816280615540659	0.241867
5.197082711239337	0.272618
4.7449828787423485	0.21932
4.603355635248243	0.153983
4.885200243170445	0.212253
4.7285911777710234	0.205206
4.869317253623232	0.208464
4.797299702187628	0.213384
4.860497499112744	0.192429
5.311134474695856	0.254119
4.957360499278518	0.264012
5.015411757743232	0.233476
4.942616945712764	0.251394
4.754168781503122	0.2127
4.732564851062822	0.236548
4.860009498275015	0.226692
4.723820191813677	0.253147
4.317046618453275	0.161536
4.757117045404219	0.23408
4.9461277152280765	0.220877
5.061348281196909	0.235813
5.259301940457042	0.227136
4.9188399166884444	0.245015
4.555657985434807	0.208481
4.732891023064827	0.204717
4.756140660049489	0.218276
4.510109469137909	0.154575
4.609113063888735	0.218487
5.501747582240398	0.232573
5.4106523836935105	0.278371
4.817595336388343	0.244484
4.683651069974811	0.187661
4.810632067819923	0.229808
4.954284548668282	0.222875
5.531931662769983	0.289116
5.751684943154698	0.300497
5.237580462269314	0.218383
4.539723147312688	0.188272
4.992839703324009	0.19471
4.446088100560343	0.179343
4.313927121460589	0.012417
5.064046461574814	0.250105
4.666310888924131	0.254645
5.339585949122402	0.232726
4.938974092128706	0.233738
5.203626728537314	0.258257
4.593742649780288	0.196128
4.466791968141409	0.195587
5.145739119349683	0.25456
5.3568254235526895	0.274609
5.221631588513492	0.283789
4.859998368818182	0.233059
4.908841139072184	0.259669
4.789411205669438	0.189854
4.600211675219715	0.201051
4.445992885200567	0.188505
4.588925624880979	0.216174
4.893591116301891	0.231043
4.664882225839785	0.212107
4.746229432346749	0.226657
4.875132618025705	0.271639
4.915566977411226	0.271676
4.4346404554041134	0.174415
4.891840746601346	0.216195
5.055890283927961	0.207736
5.156456503417782	0.26409
4.79732901429319	0.190767
4.99675477689498	0.201524
4.819778924962193	0.2637
5.160919176204832	0.295743
4.928736488339177	0.223333
5.478892186541378	0.293465
4.760141699831654	0.219816
4.584582652260591	0.212526
4.933367104358577	0.243699
5.068915182665641	0.232249
4.9367864708273705	0.226573
4.978371488170774	0.224468
4.647083511162674	0.085884
4.762013984704241	0.263694
4.9578330794234	0.237528
5.193611928855506	0.26476
4.663128106410581	0.225859
5.053560352519725	0.221428
4.289382785767029	0.138133
4.644154888438797	0.230127
4.940619608193833	0.214188
4.3601702056694025	0.007614
4.63607281556126	0.179494
4.745433365962505	0.164288
4.752825548564214	0.222895
4.394678112888169	0.195014
4.405458945746815	0.199429
4.441620771905155	0.218684
4.501104622780455	0.223334
4.900572662757885	0.239105
5.2109942358529	0.252679
4.9115136155745445	0.213125
4.778117857237372	0.231723
4.989880361667476	0.242357
4.983213188354659	0.291309
5.0736193728332974	0.311687
4.889174346401312	0.25787
5.051171660843325	0.201829
5.278573446923406	0.250973
4.4922075498362	0.000955
4.543572671375273	0.191511
4.81963347193939	0.2518
5.154495691742102	0.257044
4.908597556348785	0.183573
4.591989275944774	0.249249
4.670258022951	0.185327
5.032972971440871	0.275237
4.86539337444675	0.257864
4.966978377352095	0.237873
4.638151882479115	0.213832
5.2466804178660436	0.234684
4.965014196907775	0.249093
4.894267275710793	0.238192
5.026360958331696	0.249329
5.145161614820835	0.252899
5.2122545556977276	0.255887
4.58159483388788	0.17127
4.347630110431351	0.153552
4.380197045797935	0.093322
4.572103741825564	0.202087
4.825103983722767	0.193469
4.709983555655872	0.218331
4.814573906510107	0.19092
4.816413839765568	0.258649
4.783170706894234	0.225142
4.718693972094891	0.218302
4.199591962300529	0.17206
5.235965461053605	0.254382
4.396656543937273	0.160024
4.6935565152588	0.183642
5.110137635496933	0.222685
4.951111867020596	0.23487
4.610497864940651	0.249279
4.3905536014411854	0.242184
4.308119691897648	0.240615
4.243908259950359	0.202335
4.9296673735354055	0.22771
4.970490447572454	0.225018
5.509570844901726	0.263588
4.89341913761816	0.168443
4.915294629529675	0.24142
5.23981858246146	0.290281
4.8397630105586655	0.253014
5.169919685069569	0.212953
4.819465517820745	0.228635
4.522383320009382	0.194416
4.995246223901765	0.272673
4.633658531576057	0.205714
5.274047077723575	0.3021
5.0568458498534605	0.241548
5.124959049003809	0.288422
5.104744594530712	0.262753
4.802671978145268	0.222447
4.485937390651206	0.221611
4.691209062436786	0.224925
4.720059507486458	0.234352
4.394793949038631	0.221541
4.934999646035215	0.292324
4.88320128929494	0.240479
4.899248847864262	0.205898
4.881982515795171	0.213677
5.069088796753094	0.2202
5.182829626585168	0.244813
5.5844985207594044	0.309571
5.111556592282532	0.301904
4.790630098899897	0.263523
4.911789144466299	0.268089
4.672516004733048	0.216205
4.478482409612247	0.025791
4.890988366254842	0.235678
4.404052220481458	0.242516
4.568799898576507	0.206608
4.69651526098578	0.270059
4.8391427161242575	0.203961
4.861086821547567	0.21551
4.676094021748162	0.231132
4.56907187366044	0.234828
4.772005711850951	0.219636
4.6859442088688645	0.251243
4.961901630655497	0.206284
4.949497415474645	0.259572
5.001474401359485	0.224896
4.835364058676242	0.210096
4.908555607275758	0.245669
4.765549957405937	0.230916
5.138225108650828	0.24958
4.841261859972385	0.258448
5.045184519122653	0.243056
4.6921125076733015	0.144549
4.852735418532092	0.234933
4.998775124362865	0.253778
4.3861809357583095	0.252346
5.069210564984896	0.24085
4.340990450553782	0.24345
4.550926464153377	0.227265
5.594676262220455	0.276156
4.9512060374646	0.255798
4.498992651853369	0.175728
4.697197025941294	0.27317
4.7339737341905614	0.210586
5.092529735224834	0.292794
4.641577670835207	0.224265
4.696285496204204	0.214201
4.547275327422467	0.228376
4.389601529459709	0.259744
4.787512359763971	0.157462
4.719319276146356	0.23674
4.828433441050125	0.212008
4.864879340476401	0.235916
4.498351317575502	0.203448
4.198659512447576	0.182744
4.82790602724097	0.219411
4.93967648059416	0.243267
4.401605304601102	0.2269
4.385625396259551	0.171099
5.264224991802179	0.300777
4.527380682930968	0.203301
4.3713128166282775	0.200971
4.90246091799153	0.271651
5.033752294659271	0.255929
5.018289878853952	0.295216
4.91383569649889	0.246561
4.696368760324859	0.212108
4.333934581638137	0.238251
4.559399273487785	0.214194
4.608456844982229	0.175547
5.206332653275516	0.261314
4.645114209533009	0.259432
4.675151626133535	0.226578
4.658206456450937	0.256053
4.956231811795417	0.268586
4.925614773617216	0.260173
4.896643539947662	0.259993
4.772106900111807	0.215748
4.619954591742899	0.139648
5.102062251180718	0.242553
4.854616245060059	0.227685
4.760274717250977	0.263059
4.918846180750753	0.2769
4.608097140388741	0.2596
4.610230453205264	0.232077
4.5012655754086	0.232075
5.046475361979299	0.287617
4.203247469178401	0.244318
4.785630632538125	0.275469
4.861854745914311	0.255634
5.08905234863687	0.266466
4.624166878957687	0.250496
4.565509410674411	0.26985
4.4832856873213744	0.252156
4.4292205513574885	0.214594
4.976183513120517	0.274629
4.350900532657212	0.233887
4.561166574111063	0.143882
4.387144651491329	0.209467
4.599779460445532	0.231393
4.661107397032921	0.221494
4.935503843088283	0.246969
4.542633835011615	0.063288
4.598059221915133	0.155584
4.835844092020191	0.256308
4.371069554998006	0.228957
5.176913941963924	0.241823
4.764709835787678	0.249549
5.0557997135500266	0.220353
4.94709111803037	0.199122
4.647205113403991	0.250434
4.898129765997919	0.196951
5.001681194289502	0.211077
4.54981816888124	0.185232
4.93279537952768	0.18028
4.467034056959724	0.192117
4.945161313730868	0.272967
4.81707338118401	0.251195
5.069305872864263	0.230521
4.911318033736202	0.205206
5.1538711169579745	0.258696
4.460023535820738	0.180106
4.255462810480796	0.23116
4.538996415542082	0.039901
4.429127433993203	0.202997
4.61420671430006	0.178286
5.235015650337305	0.2467
4.378450651681878	0.198328
5.182820725740812	0.232591
4.832619795814284	0.202387
5.105972992699027	0.25066
4.533839313620955	0.163983
4.633974918363724	0.26187
4.805676327436636	0.259711
4.697086379003923	0.250338
4.644237817859228	0.254673
4.575327970002179	0.186068
4.537582770419518	0.178776
4.511786825246251	0.191024
4.236347440225554	0.139198
4.583235416527643	0.176753
4.681264650448336	0.215608
4.799648077473924	0.173402
4.832226819858642	0.207943
4.78305277274828	0.259079
4.612425271919486	0.220663
4.5513583415065355	0.218053
4.866532029462568	0.263435
4.911297140832984	0.248634
5.483116838611099	0.283564
4.881428086522222	0.232269
4.658879598119321	0.227491
4.6694759024032155	0.205726
4.4371382837879985	0.23945
4.771809300064824	0.196836
4.816943226401017	0.179074
4.31145637656979	0.194569
4.492396606385999	0.171364
4.675442529459887	0.225403
4.676726817092995	0.160248
5.0862255073826015	0.239739
4.36892459298834	0.246316
5.1595734670312146	0.269667
4.297686209663852	0.048607
4.469576811343601	0.261214
4.79873554635851	0.264515
4.52938162051597	0.258929
4.737450870432398	0.256373
4.510101776480556	0.263719
4.613175209559883	0.242106
3.9090727481223166	0.194578
4.463430434031804	0.237485
4.500043090276019	0.175361
4.2460218200229205	0.230248
4.76721374591549	0.257148
4.714086662627273	0.232655
4.467197888553642	0.259953
4.744762754954122	0.121015
4.9938898859589305	0.217963
4.768250630344902	0.1987
4.749724892735956	0.220954
5.006526584339795	0.25288
4.836589139774221	0.230524
4.420960260227303	0.189617
4.509084878811791	0.011564
4.671171272449002	0.221115
4.424200758091699	0.19686
4.615267863123677	0.25914
4.605163350222816	0.223337
4.587013176001676	0.211058
4.972306176300601	0.239142
4.714111952890099	0.240728
4.350145596284506	0.253174
4.937790037636379	0.28228
4.850162848634237	0.277619
4.569104010308032	0.193126
4.473198796514739	0.232129
4.600968823878547	0.20262
5.1704341680276835	0.225972
4.558515994611043	0.173702
4.699610022828546	0.22914
5.036097567846311	0.272182
4.844631916688674	0.221185
4.336800033128692	0.194574
4.798607554881048	0.256397
4.660968741412741	0.218473
4.875578743259754	0.253879
4.6820645291489305	0.16815
5.17318089896195	0.271069
5.135465963882579	0.268166
4.594004613795601	0.226255
4.792489847487012	0.239481
