4.034973989999161	0.003973
4.256912249460019	0.007004
4.585138341420391	0.023844
4.105080518431254	0.002509
4.287143631542313	0.000359
4.271538913794043	0.006698
3.8510210080186846	0.002297
4.278783240607586	0.00214
4.338596098910122	0.00145
4.1661112876330755	0.000959
4.314548390062221	0.004144
4.146849272497472	0.002114
4.396010853117992	0.000141
4.3906501882576485	0.009836
4.23355836565424	0.0005
4.396012880364937	0.000781
4.4219425450106735	0.052861
3.94036261775743	0.000388
4.3197396586002315	0.008186
4.3402263711560884	0.000597
4.3777774664775935	0.020358
4.542309954208232	0.000179
4.461636131550283	0.002788
4.4265412203064125	0.008287
4.421274415680148	0.005222
4.2933728593605	0.004785
4.320934233014288	0.249476
3.884093427536289	0.001138
4.196277098439034	0.192872
4.227579901644441	0.059123
4.006415155772135	0.010534
4.54825113045474	0.007905
4.112301658423704	0.001331
4.162881894736761	0.244182
4.560830801932355	0.003888
4.113578462924299	0.000233
4.075850948023555	0.00042
4.561278021065865	0.189729
3.8958873811208505	0.00122
4.0771879577183485	0.013372
4.375121929061914	0.000886
4.286350174730564	0.01299
4.398411117795842	0.013633
4.406134601747302	0.000692
3.9382129073584884	0.002267
4.62008633022822	0.284912
4.129917716670365	0.013412
4.264302646993869	0.015224
3.877422986136826	0.004743
4.022683787805065	0.001219
4.542642529050385	0.000319
4.407926874257985	0.002633
4.506345897680969	0.224582
4.2764187616209	0.000847
4.616695775174281	0.020554
4.363741811681966	0.003724
4.5039947686027375	0.191825
4.068765527542514	0.002053
4.191972714286982	0.000359
4.006024781223493	0.001448
4.493462683190283	0.00676
4.53984656999691	0.141632
4.261809534343466	0.066257
4.151425977318429	0.013453
4.217804959449218	0.000189
4.432341199391086	0.000795
4.281040318970956	0.000502
4.430601765947337	0.131428
4.4609110868847965	0.211604
4.280590743333426	0.000773
4.068395169691057	0.000459
4.148637166697244	0.007088
4.411558410626776	0.015743
4.459648639109486	0.000147
4.196060193758405	0.214351
4.36558156534294	0.104992
4.004300640581047	0.000467
4.2012218699128265	0.010646
4.247031030474387	0.000186
4.164754005454915	0.003476
4.250732606227668	0.007322
4.082151224771597	0.000372
4.196095767203929	0.200137
3.8747100925623683	0.004758
4.410789365151019	0.001021
4.754118277169164	0.046919
4.2871163983866385	0.000939
4.739777824916762	0.18605
4.1240686264763715	0.000296
3.970801519314733	0.001593
4.233181332848556	0.247952
4.475096632879482	0.014927
4.126323723851045	0.00265
4.318897917906146	0.004339
4.110479088752391	0.013517
4.045587396639421	0.015797
3.8724087875313518	0.000209
4.2801114093218215	0.001147
4.559421322875063	0.000185
4.14191646314755	0.204096
4.273981505784138	0.140303
4.330803160615881	0.000513
4.219200242327017	0.00513
4.2331248284070595	0.000542
3.8253220714370006	0.002908
4.224531059016043	0.023817
4.399847040879219	0.241663
4.265942070428772	0.00364
4.371445836769948	0.000489
4.620007670272759	0.01834
4.387121606168876	0.118367
3.854631284131334	0.00355
3.9789363850009556	0.007126
4.536978677645145	0.087605
4.633753899322314	0.004485
4.289087446986769	0.01212
4.307481505978831	0.024269
4.445848868938303	0.009993
4.072100789059666	0.000298
3.5754195138842375	0.002038
3.7393362569250113	0.000705
4.320393534605173	0.019886
4.024019826053435	0.000211
4.406033081505477	0.005271
4.043615392919217	0.001164
3.6935523131569297	0.000615
4.275011688049771	0.001361
4.071738382374091	0.001807
4.448223421578207	0.097452
3.9647393993395124	0.00141
4.362670355183807	0.003354
4.064244491775215	0.001041
4.257827697635505	0.000749
4.262513533722345	0.002018
4.077615054031079	0.014615
3.9031778339543473	0.005193
4.429701773838198	0.142251
4.411311146202465	0.241694
4.26210248668626	0.001216
4.210305795281607	0.002134
4.232314421622334	0.000555
3.8958500715896105	0.000275
4.223615311513833	0.000463
4.113968995297931	0.027054
4.309728665793173	0.010159
4.326453363381772	0.000483
4.759883115469728	0.2942
4.393239950307565	0.001433
4.513591985072074	0.048385
4.3221232916805254	0.001305
4.496019312657433	0.140089
4.6270806986877675	0.169536
4.407756626219917	0.007636
4.295560779987012	0.007396
4.106354863023489	0.00185
4.308555180203172	0.007474
4.512188595922656	0.028931
4.223892094850839	0.002015
3.8067355735209514	0.000728
4.749217626236331	0.000399
4.587810608397913	0.022406
4.191860227858009	9.8e-05
4.152401611639417	0.021849
4.4739488239539265	0.001434
4.5012840573809605	0.000645
4.530687794268219	0.19963
4.320537137254718	0.210088
4.002522066278403	0.000477
4.341630201129322	0.001583
4.031554084743813	0.013373
4.5385288640598604	0.008601
4.351937370828375	0.015694
4.321609957042522	0.006645
4.490508337543711	0.002535
4.434766552967777	0.017445
4.091979552985805	0.006251
4.198977755053196	0.00249
4.145847539735372	0.004672
4.4503455831684	0.000227
4.330152487392188	0.001627
4.040795803500031	0.002441
4.172249985891522	0.013035
4.143775738256601	0.000362
4.092761104815135	0.020772
4.406480836704741	0.000238
4.314810272444239	0.003048
4.098229915886296	0.00018
4.173971737374155	0.008005
3.777547900483336	9.7e-05
4.252047166529562	0.00068
4.436498927778026	0.06095
4.378037324330374	0.009357
4.571229886251837	0.254807
4.319678830266929	0.00011
3.7370962428206127	0.000998
4.268728867407014	0.101174
4.606190642639475	0.04788
4.3781189312778075	0.030899
3.863513673809389	0.005389
4.670461776369454	0.245862
4.518867720473047	0.130002
4.491899073397767	0.001978
4.388551306008139	0.016826
4.393913736886098	0.003993
3.7790393973815273	0.000781
3.971732614038895	0.000265
3.942489998491067	0.00038
4.6049799944615675	0.095241
4.683497488910892	0.009642
4.29017619904133	0.159728
4.1670256636816925	0.037974
4.129960286163243	0.00057
4.4241660662953555	0.00495
4.435865903856563	0.000309
4.157792187255677	0.000975
4.3270360462374144	0.000206
4.678101843815324	0.006866
4.078985868429888	0.000275
4.418196084075594	0.251212
4.133748034936398	0.001246
4.344230749774994	0.000408
3.8277560346968187	0.000578
3.9205475611272744	0.00233
4.2071936943449915	0.003225
4.5136235094622155	0.004791
4.389135632431454	0.027964
4.566750097502872	0.000283
4.517224849355462	0.004099
4.105798414665998	0.011073
4.039309348873144	0.006079
4.280551518118888	0.003466
4.15834384641034	0.001036
4.143197605143955	0.001601
3.846817765866147	0.000718
4.324715323161113	0.000186
4.54600446860876	0.106645
4.486314268349608	0.172584
3.8519066189106956	0.002763
4.457439044614113	0.00092
3.7152489228584975	0.001447
4.449597784341688	0.196508
4.21497734539171	0.002708
4.230318066434575	0.000327
4.135684059760761	0.002146
4.081183966113959	0.000391
4.412046150235175	0.035652
4.300830177857876	0.111252
4.472401274322805	0.004814
4.318005531377916	0.01138
4.166504448626354	0.009495
4.627586903943725	0.000459
4.2319824291041845	0.009848
4.50520552018653	0.000778
4.450867301635247	0.000146
4.551647601263668	0.0009
4.202715794065131	0.000562
4.405132888030805	0.001757
3.9391753604854016	0.005409
4.132304372935872	0.000149
3.787396359682271	0.000339
4.3549498291121616	0.002554
4.153416786826469	0.000472
3.5827911736579985	0.000171
4.295166838028093	0.023968
4.478123007066283	0.146782
4.364615063162192	0.267757
3.9433428169421347	0.006148
4.369800870374579	0.000305
4.057072517317375	0.000182
4.062802146804538	0.068135
4.156668582857435	0.003151
4.580342193096404	0.00466
4.1090211244472306	0.000188
4.473206891901609	0.055559
3.692245829196302	0.000132
3.7555180628686107	0.000638
4.189090405343041	0.001417
4.175808233833231	0.004428
4.426793009983422	0.000403
4.356191465617549	0.000146
4.378050295998062	0.005757
4.646156846450819	0.221448
4.047667320716159	0.000515
4.30348482545888	0.000333
4.127025271483966	0.010718
4.460792899670367	0.003132
4.529888465238928	0.166478
4.239133284806069	0.024199
4.122846005286752	0.000241
4.139153179528223	0.001412
4.359300448131654	0.040532
3.8461096357985904	0.000151
4.128212126028025	0.00213
4.276542578872237	0.022873
4.188310083467118	0.000356
4.280418658526102	0.001276
4.5517729559559905	0.000196
4.6036580544315004	0.046892
4.532457026901143	0.001442
4.501016183052259	0.026614
4.611197045183256	0.039297
4.411117104529001	0.014167
4.407543857671113	0.248815
4.153207308132262	0.031411
3.7954770094032715	0.00287
4.4502494861578965	0.000833
4.409110863443367	0.001577
4.194228421196759	0.007286
4.279244438228708	0.008192
4.180216369558838	0.03851
3.9048764911354783	0.000345
4.464748833859599	0.001888
4.217634520931914	0.001222
4.01775611052369	5.1e-05
4.266567121413309	0.001306
4.671075719665109	0.000502
4.262415991787354	0.042494
4.446518511221062	0.000544
4.477203069010051	0.000327
4.403447485517736	0.255724
4.433196983882824	0.177513
4.333682128002281	0.004162
4.437122735202061	0.154317
3.6646761642332595	0.002518
4.24787434126525	0.012889
4.7627432389709	0.028713
4.041661120140724	0.001526
4.399028609457718	0.003436
4.262890261759704	0.000586
4.122570443740751	0.001755
4.284977186143023	0.034803
4.3135501321939	0.002571
4.139710142181972	0.004959
4.071107527201306	0.000221
3.829552821578545	0.000297
4.237527478316745	0.009243
4.168358787589241	0.000393
4.010268883992745	0.000149
4.191306838059231	0.000844
4.078160914439095	0.002896
4.268128083535935	0.001651
4.287403026803326	0.004139
4.401276678132338	0.000985
4.463055248880124	0.055554
4.242588251931485	0.001417
4.294399123187736	0.000747
3.8439519878393162	0.000868
3.77204262887587	0.000208
4.703523493648493	0.000683
4.1586640319072625	0.001019
4.20263028228485	0.001395
4.386684373613688	0.001578
3.8645838758622966	0.00061
4.404156883636094	0.007885
4.410179775675976	0.002896
4.439078474676085	0.147936
4.204222483079539	0.000322
4.2883958423947215	0.073006
4.300510577404212	0.2419
4.090338834287456	0.000139
4.1878259303192396	0.004863
4.2918228851945175	0.257095
4.170178938167295	0.000222
4.235801656009233	0.007352
4.595993058635672	0.005245
4.2976278711754485	0.002596
4.196491159528937	0.270925
4.50364093622679	0.00658
4.309488661366347	0.00128
4.271323859486671	0.002173
4.425490849913055	0.002323
3.8761445761644064	0.001058
4.481941529195837	0.141738
4.237629262507155	0.002129
4.2302543781841955	0.000267
4.349538934755832	0.127467
4.614475532862541	0.263613
4.4836887750276295	0.134989
4.288165054463778	0.043873
4.218652390045557	0.002181
4.644582199721062	0.042147
4.428508788569616	0.015662
3.9968603917857894	0.00244
4.422250602394787	0.096764
4.407500629662536	0.0002
3.7976288259616524	3.4e-05
3.590656227567365	0.001345
4.072795618200912	0.010709
4.348218575707292	0.032183
4.503499126809052	0.011451
4.177833569147129	0.000793
4.1517604487936355	0.036648
4.576207795753091	0.031062
4.260182053985282	0.004583
4.232664351886235	0.000794
4.262763611803936	0.04696
4.4613042778099725	0.003061
4.20614327224869	0.005102
4.45500670587327	0.001716
4.6167310901112755	0.00024
3.9548817943963357	0.00375
4.086033386170936	0.000159
4.3339702911407	0.011218
4.449056000198606	0.043796
4.207324178383513	0.000824
4.021830025120218	0.000982
4.358519326239845	0.003454
4.449783063950183	0.033582
3.850187759994744	0.000854
4.0691925340580015	0.00144
4.150161698218557	0.000266
4.404728926840865	0.000367
4.517650778299385	0.001081
4.044814606875061	0.000485
4.278299778629652	0.016962
4.291150630618463	0.050869
4.625382895946266	0.210992
4.69969498493907	0.000771
3.976992381798065	0.000157
4.316930248960952	0.005263
4.221090965636064	0.000239
4.594596594783516	0.154882
3.924571346908263	0.005389
4.140351223394458	0.168382
4.272208420019762	0.001667
4.4145685423368946	0.002116
4.431275002856112	0.001294
3.849761643292386	0.000951
4.214097443447556	0.000126
4.30072784671851	0.000258
3.9748637411775753	0.000201
4.226891342005559	0.00874
4.500730716562779	0.000573
4.083632098343719	0.008654
4.070939812544039	0.004132
4.141959032640429	0.003921
4.335754457381311	0.007222
3.991922932010878	0.017018
4.033518447506514	0.008783
4.242676321582866	0.007103
4.243158686942085	0.291589
4.1733981404005025	0.001568
4.310273396928228	0.001482
3.6858051036009134	0.006126
4.136326738281124	0.01451
4.194532402314393	0.299307
3.7236536874011126	0.000228
4.246285163654229	0.003014
4.312616471436237	0.009435
4.0968531394742485	0.000186
3.9801308097539705	0.000132
4.47631749621234	0.001174
3.777484770068209	0.000193
4.345006116456057	0.19283
4.277340490188139	0.018181
4.530521472832495	0.005032
4.055689561195568	0.025156
4.123973046481379	0.015519
4.463455786880775	0.000182
4.04874688076359	0.003849
4.394302821612896	0.001518
4.0730068982877805	0.008839
4.389075878947368	0.002829
4.569861477339192	0.019353
3.8255802231375107	0.000125
3.8418794707018504	0.003506
4.52299144006964	0.174072
4.238846898571562	0.006821
4.34638274865021	0.002301
3.9057750954646746	0.007048
4.122602501474302	0.000616
4.268340841201538	0.001581
4.497069332025764	0.000363
4.1575569502637295	0.114098
4.483208115822227	0.010432
4.539154325936315	0.178755
4.365599611933085	0.005624
4.522861919313593	0.02123
4.370887603343051	0.014087
4.292981227647352	0.000479
3.7540527079505277	0.00075
4.195267596826339	0.002566
4.129006034549886	0.002876
3.9582180681750136	0.006946
4.07318621316069	0.286366
4.086812891704624	0.001887
4.525273239978928	0.000692
4.493648770977064	0.014244
4.445227096925161	0.020542
4.2363367951315345	0.008889
3.9550368584790423	0.135185
4.359556667822517	0.005777
4.208109890834966	0.000675
3.959300392900675	0.000203
3.610768310081354	0.00014
4.251284401440917	0.077181
4.340193445378907	0.007079
4.53525082264754	0.101489
4.588556094256505	0.000976
3.950657838936614	0.000248
3.73883352384358	0.00919
3.9072283494795017	0.000206
4.324413377457466	0.000921
4.110217288005216	0.227857
4.282675105586419	0.016549
3.952570725918933	0.001162
4.334908773756984	0.000497
4.518083529139322	0.000213
4.32038175479659	0.216832
4.315119407398371	0.000281
4.299772449504296	0.002488
4.256219714236648	0.037246
4.220793387357031	0.026524
3.9598811546314208	8.8e-05
4.047276899909268	0.055595
4.364281127751194	0.002387
4.041940845026555	0.00091
4.515761189706447	0.014618
4.17641395656818	0.000276
3.8563783122712443	0.000219
4.374897527644769	0.000305
4.148833736309908	0.000434
4.2076404862602335	0.000815
3.688182099822827	0.000318
4.082012873919742	0.004242
4.560492232422718	0.002311
4.3845044504144	0.000239
4.0910026506140165	8e-05
4.282693576675578	0.001986
3.897495753642128	0.003691
4.132227459952422	0.000457
4.244409893693822	0.061907
4.220931327316968	0.005872
4.621210233950092	0.003027
4.624457839428583	0.009233
4.186959266715251	0.000797
4.380503652814414	0.002603
4.471827413397476	0.001313
4.385617322642179	0.009634
4.503374400698982	0.020002
4.268425411470387	0.009308
4.068460281096427	0.000222
4.144485302363897	0.00065
4.156543339731854	0.009826
3.980160976294522	0.000283
4.31363958962677	0.012997
4.165231698621194	0.002571
4.062677056062346	0.002446
4.123719754733791	0.009998
4.353592669387037	0.00197
4.432442771332762	0.000815
4.309834640537604	0.003164
4.635025101000193	0.021922
4.504098751473724	0.00476
4.773932642629375	0.288696
4.466930264569521	0.019508
4.6622494888451245	0.002063
4.105842736572488	0.001356
3.875221032600504	0.011053
4.184722648592137	0.019136
4.334761530224721	0.009529
4.36983853637554	8.7e-05
4.20028683770157	0.001001
4.098263636237761	0.000533
4.718935745263226	0.001631
4.548604524727671	0.00035
4.067114005925155	0.000127
4.263079130547973	0.001218
4.303585423233331	0.000751
4.3565683324342945	0.001655
4.363451283874032	0.000194
3.9455654266426436	0.000745
4.49380511399532	0.048397
4.224031738242246	0.000921
4.322447123503313	0.07061
4.307659879337216	0.008618
4.188298839721197	0.071965
3.8653955996753258	0.000488
4.196578622367562	0.118095
4.059495664051087	0.001657
4.047370490751616	0.000507
4.229539997661426	0.003345
4.223711174506105	0.000612
4.450005035390867	0.001968
4.149198646441291	0.006064
4.225065243019817	0.000281
3.852026485066296	0.000346
4.644364103181327	0.029601
4.327556744277242	0.005495
4.70996253758191	0.00037
4.0467936420161195	0.004002
4.415448335435108	0.00237
4.206950264003435	0.018662
4.613315179487565	0.048244
4.466859901368008	0.000525
4.03755281851463	0.000333
3.9592797204101386	5.3e-05
4.327359146075157	0.003483
4.284674783286115	0.000987
4.088500675215105	0.000728
4.519598697221419	0.018714
4.469299187175609	0.000489
4.105075010847382	0.003201
4.4412744580367685	0.017089
4.181411123567382	0.003879
4.049325822052976	0.001135
4.3935088450632875	0.054363
3.95112344752444	0.001996
4.314502111657332	0.003566
4.274789302996369	0.003219
4.423182284883008	0.111433
4.658805447091756	0.22886
4.12361951887221	0.004109
4.1728985393486795	0.000418
4.2974587197560945	0.002197
4.161717176656423	0.004789
4.202354878565386	0.01028
4.559592346437172	0.199039
4.4954771856532725	0.227296
4.153648244156313	0.026441
4.27454370390768	0.00244
4.050495149744749	0.000151
4.267487244505629	0.000156
4.272278913836714	0.012674
3.856415866705464	0.000424
3.5230352851141666	9.7e-05
4.175667980905175	0.003412
4.085832174297232	0.000389
4.091385786931578	0.000195
4.286892494937855	0.000191
4.558564765578539	0.009267
4.510145975934011	0.000136
3.9492348657529734	0.001748
4.64765108353385	0.002417
4.530536673114207	0.105627
3.9532290020058287	0.001907
4.318425694229438	0.043291
4.667183680531842	0.000263
4.467504748633955	0.005344
3.9274113475886554	0.002888
4.599739318208314	0.002728
4.694311348227166	0.005299
3.633616970962349	0.001067
4.631699630138979	0.001273
3.877775833462347	0.003587
4.228230917733852	0.000379
4.371934272988346	0.008271
4.400541976145606	0.020869
4.171613149655255	0.012099
4.511092126718896	0.182057
4.3648276112998605	0.000226
4.027251273409339	0.000114
4.238579734459955	0.000346
4.3646460786992245	0.176684
4.536764717237235	0.002399
4.321243142112591	0.008585
4.2984647764069095	0.009432
4.3788602837269215	0.001128
4.202377782389199	0.020092
3.647085867005141	0.000195
4.440909400962051	0.111378
4.553938448957553	0.293311
4.192203393370439	0.002318
4.361634572814712	0.232484
4.322680605360848	0.002626
3.4474666123996456	0.000205
4.336983560323574	0.25191
4.232773711725654	0.011586
4.363919640812194	0.275173
4.319788511202569	0.217991
3.943981949820171	0.000229
4.342798911120498	0.000176
4.232659418460871	0.001962
4.261206603494753	0.002952
4.0050211980881345	0.005655
4.12400301438184	0.001519
4.006885801186571	0.000163
4.462008590121125	0.009311
4.668318191253434	0.035617
4.2289015396269845	0.081566
4.412292739818985	0.001471
4.3536120711044255	0.001093
3.9159705597019414	0.001076
4.25335558249829	0.016676
4.002748383378845	0.000782
3.8456090115989463	0.001544
4.350993954788274	0.000801
4.127917633521898	0.000951
4.3876808845115445	0.000646
4.385076512664774	0.20222
4.2751091510738135	0.085823
4.474936621764316	0.000236
4.049482156910377	0.004233
4.189174923907401	0.005453
4.358569980237938	0.004169
4.582907679870461	0.001058
3.7633896556736186	0.00304
4.3235903092149774	0.002351
4.3847170992356075	0.002354
4.667948984444436	0.033183
4.449005610153737	0.050003
3.972422107028355	0.000504
4.255200775715388	0.014718
4.146363930212835	0.008214
3.8624653306645227	0.00042
4.232495891635279	0.001944
4.208925051447474	0.000886
4.088683505798441	0.002461
4.416876603953886	0.001997
4.353711800836792	0.018155
4.409182657965364	0.211453
4.640544119800935	0.242837
4.2647767210422876	0.020544
4.39037635735731	0.042309
3.9883866327729076	0.0021
4.671773656347211	0.016467
4.193598284405017	0.000456
4.1699447950732615	0.01091
4.343263074783836	0.163608
4.27046043131663	0.000229
4.188617648322925	0.000176
4.053405312262669	0.000164
4.3320882863607215	0.003468
4.228633110186924	0.002245
4.42559129258177	0.005669
4.359403016010051	0.002418
4.181093566690105	0.002632
4.27275938256288	0.008556
4.592348651281187	0.001465
4.527205675621969	0.055495
3.935779150905803	0.000806
4.3165381709792925	0.000854
4.305616924648346	0.000389
3.978837194056692	0.000569
4.463614573482589	0.005103
4.290680703583524	0.006034
4.490474886585523	0.016354
4.37388246130211	0.001768
4.393779587473014	0.003989
3.874190923804218	0.001733
4.148303965993639	0.005
4.2671990759256095	0.002276
4.286922397529823	0.000637
4.209719629369783	0.000401
4.781114124745872	0.108543
4.338803261913863	0.058669
3.9992806894871737	0.000398
4.068943900900898	0.002405
4.1051701391322615	0.041716
4.016428545902956	0.001374
4.054834603932362	0.003293
4.165057423297242	0.000634
4.528295072585133	0.04908
4.409433639465634	0.000189
4.133593896038773	0.037798
4.445814264216856	0.114043
4.5652681490815334	0.214015
4.264675559994077	0.00012
4.586534851532344	0.003631
4.326511516835634	0.000301
3.39375372783018	7.1e-05
3.763973228340844	0.000193
4.387314793405804	0.260282
3.843231609926715	0.000857
4.362769434564424	0.015328
4.689438352226675	0.02334
4.365926894160901	0.000207
4.447842875784443	0.000745
4.470946025712186	0.00034
4.543581471537637	0.034539
4.532392987624189	0.000837
4.723949040450022	0.023019
4.05066550390641	0.015128
4.314022181717721	0.000759
4.3332897262066945	0.004963
4.247693132481635	0.224028
4.336467662374418	0.006215
4.531648307223083	0.092306
4.2068201146651365	0.238368
4.475348528681631	0.001382
4.26320872477646	0.004316
4.169522351907867	0.00102
4.235837292040903	0.00113
4.279193474023783	0.000306
4.405767882056216	0.007996
4.380516787748693	0.001385
4.436672846632258	0.000619
4.02183741301234	0.001481
3.5604426009124395	0.000157
4.415601043013794	0.061896
4.233831622394523	0.009754
4.322361146408917	0.000108
3.935374623716662	0.000484
4.545908083156282	0.213713
4.055124709962082	0.002691
4.244582724091741	0.021789
4.406246353467337	0.107055
4.436042317995748	0.256268
4.054965362805763	0.202259
4.512956509406198	0.025268
4.32870951928086	0.003901
4.303936461000695	0.000312
3.9081177101001705	0.050804
3.7312483172730806	0.000708
4.360644989936463	0.000447
4.05456024512867	0.007292
4.332402716651538	6.6e-05
4.322103294032037	0.008668
4.269610638773123	0.001299
4.330969468446055	0.013956
4.230642290100583	0.000808
4.028402086472958	0.00483
4.571912081146419	0.195092
4.434394303924868	0.000254
4.3413736739493345	0.009283
4.279208766823539	0.002927
3.9019300231854412	0.002246
4.467485482975152	0.015092
3.8463030243995036	0.002269
4.683273277972984	0.050359
4.268260594824496	0.000377
4.24289817873446	0.001291
3.412835777742671	0.000621
4.327865743174335	0.000444
4.604862737875369	0.004341
4.068052170169112	0.010446
4.579289425380831	0.000319
3.9953707670319005	0.118805
3.9716819573215485	0.002584
3.8223263018968607	0.003775
3.9213834921915107	0.010033
4.4096169870644815	0.002033
4.2290647507995045	0.081791
3.891520334587041	0.000597
4.07040721496494	0.002145
4.620755060929899	0.041048
4.334049911656289	0.000512
4.1969900748539635	0.22016
4.467694901802467	0.11656
4.259598312606771	0.00904
4.286375467715738	0.001382
4.488061633913635	0.004817
4.0915645031541334	0.043661
4.313639622279469	0.000416
4.463529331094039	0.001312
3.8125353485208393	7.1e-05
4.493790651144895	0.004506
4.307791272236017	0.011073
4.121737432458936	0.004224
4.382941158995758	0.012868
3.967893169074223	0.000127
4.160293770809821	0.000201
4.051216597064966	0.199082
4.261629737830092	0.021676
4.34043979277899	0.003109
4.187929306374377	0.210878
4.2744617758671195	0.003624
3.604730979681345	0.000251
4.1066657884870805	0.042715
3.7728068416113496	0.007402
4.009857649198224	0.008025
4.420264941280098	0.023884
4.236442573953582	0.102631
4.196205140650445	0.000845
4.339229405828866	0.02439
4.0959719722016406	0.000394
4.21074453262508	0.131529
4.115435547518269	0.000831
4.451364031883699	0.003956
4.204596174326134	0.001491
4.3017465621062865	0.000434
4.378158866707892	0.242926
4.447213114509572	0.008098
4.18991609403968	0.023036
4.414581323525346	0.004121
4.4160445450697985	0.000558
4.135672628256406	0.007938
4.153970625613012	0.02928
4.419276966596021	0.08043
4.415210995002973	0.134272
4.0794558879828715	0.00941
3.959025606878715	0.002956
4.283005688555128	0.213691
4.054079349184236	0.000233
4.442074611569148	0.000745
4.397451608941647	0.008049
4.731955155464186	0.017081
4.378254329692996	0.001376
4.091481897549177	0.059483
4.421469001583315	0.000143
4.655746476384849	0.010083
3.5674471382686908	0.000295
4.231142968723971	0.001193
4.7177450892875665	0.002622
3.9194225771130373	0.000727
4.269316075516904	0.003463
4.23292578527894	0.001392
4.214257797425346	0.004924
4.284447214461222	0.024322
4.215696672943845	0.001119
4.391646350848185	0.002027
4.19262377935699	0.003982
4.236390284553312	0.001069
3.8835329709400632	0.005209
4.324438841873178	0.017229
4.499352593185889	0.199258
4.442042888535822	0.001325
4.104677964068407	0.000543
4.1692893761826415	0.00139
4.2118427950606465	0.010043
4.117655207504457	0.188511
4.383775824729994	0.000102
4.01120262910605	0.000726
3.970047312206272	0.000115
3.926312804878156	0.000306
4.262007143430299	0.000527
3.981858316444256	0.011334
4.28811158136835	0.010443
4.537310305531172	0.000203
4.275034942901704	0.004957
4.211621805949589	0.222916
4.224341458241183	0.072425
3.9417759744364718	0.022496
4.297580770986723	0.000887
3.991679694872452	0.000223
4.352966856482462	0.00092
4.471700894057146	0.22914
4.546027402364472	0.002841
4.616016717752455	0.030987
3.758444957669173	9.4e-05
4.53438020250776	0.226237
4.423480597869433	0.000185
4.139526304777165	0.006929
4.355278197073943	0.016526
4.190861442089427	0.000434
4.198893503159767	0.00016
4.250367619904591	0.025437
4.2533794251142805	0.000266
4.084464078315312	0.00013
4.349995890121536	0.001214
4.093167817079304	0.122177
4.110259370414481	0.000124
4.374827180768058	0.001838
4.404907471629787	0.006029
4.583036947561126	0.009815
4.462374313872395	0.001859
4.203691028380496	0.002768
4.381823222730271	0.005223
4.2444941591928	0.000417
4.455019462571425	0.003983
4.3528048779856965	0.004214
4.260308056308554	0.000484
4.447298272542479	0.002224
4.436209341484617	0.001845
4.482607810872359	0.23764
4.461109697349953	0.005941
4.179741705022467	0.005369
3.8750463463830864	0.000158
4.77192791177672	0.003197
4.763728255778255	0.001245
4.311817444454471	0.005542
4.247023656187814	0.001337
4.168462982708961	0.000825
4.305442883342625	0.000552
4.0556718084889996	0.004549
4.169319795790121	0.001833
4.443574661005922	0.002304
4.2408259309902725	0.00407
4.358642049593268	0.005139
4.388558631312569	0.022075
4.328078587914834	0.001754
4.549621612875673	0.023069
4.114615605863786	0.00125
4.549887155187559	0.104756
4.396912861589328	0.006794
4.260059319750204	0.017731
4.3520336120598655	0.007421
4.084702477270313	0.002207
4.055066708893156	0.001582
4.6527012038921685	0.102161
4.2382074554851465	0.020388
4.054196453385499	0.000204
3.9472933877669356	0.007418
4.087722211877934	0.004088
4.111437264247293	0.001147
4.318386213230266	0.002207
4.367623290075309	0.000169
3.9653936154878244	0.000699
4.199201299311459	0.003407
3.547088346440203	0.000181
3.892874550040993	0.000339
4.018400576832712	0.008502
3.8966449978145983	0.000354
4.392131978852451	0.038571
4.1734571891090955	0.001043
4.184279328851421	0.000869
4.312403422609407	0.00033
4.134088490195887	0.000662
4.347569001821567	0.000955
4.420430634132021	0.030051
4.3544799701065156	0.237339
5.046735802156084	0.01798
3.6856636724193	8.2e-05
4.146413454934873	0.003119
4.421883414668785	0.019719
4.389215010764865	0.00244
4.1171871471706725	0.001151
4.416588742864539	0.006119
3.834639696355198	0.001129
4.461016609919115	0.034061
4.145413915410201	0.122329
4.563702658982313	0.011422
4.609298482275069	0.001658
3.8829422226294494	0.005686
4.276638341182517	0.005407
4.854745855613349	0.213092
4.211827213820463	0.008421
4.221158229460668	0.000172
4.349917831538776	0.003113
4.411448811327523	0.000248
4.061249772593994	0.00577
4.216408522808161	0.001538
4.372538681415792	0.013841
4.325353968955537	0.003178
4.181137951181195	0.01078
3.523798292383444	0.00017
4.181472779127669	0.002514
4.221446776279906	0.00291
4.485937638274987	0.009089
4.531873046059705	0.229749
4.4076698246193375	0.002754
4.6224844778603345	0.051081
4.333783240072989	0.000817
4.086301780237497	0.025709
4.068220600485075	0.005805
4.429183927553044	0.07296
4.374600950745607	0.000245
4.3456110745548076	0.208478
4.255504267027063	0.000226
4.081691621736004	0.000147
4.23137274438875	0.009648
3.7844593177545027	0.00965
3.9231615222659975	0.000871
4.545958535788843	0.237241
4.3721410768031115	0.00666
4.433179089676067	0.090945
3.656227654665009	0.001943
4.280047827196582	0.006932
4.534355353070298	0.000244
4.586931950014262	0.244494
4.155610416402385	0.006228
4.255007822496691	0.000909
3.8807360703736102	0.000849
4.052705941539282	0.004151
4.066022051090893	0.000501
4.52617419537209	0.159073
4.091530287556654	0.003855
4.542437191928058	0.000335
4.512267337509866	0.071439
4.164422584377568	0.00023
4.203313054063381	0.234286
4.3561878383403805	0.000506
3.9349356169799106	0.000217
4.484152184934878	0.000764
4.055513299442866	0.000426
4.209306816312989	0.062167
4.207990204273853	0.01014
4.477784883822063	0.06891
4.62124899112662	0.006961
4.215724322433038	0.000225
4.264984221468599	0.240837
4.334764482661389	0.003001
4.3366927549599605	0.008531
3.955659955685982	0.009266
4.041258296383053	0.003469
3.9015722097818584	0.000153
4.464884194177394	0.026125
4.186021007232449	0.000457
4.18376119956744	0.000555
4.232064865997855	0.246327
4.208772986058136	0.0011
4.297482352844153	0.000781
4.411883698260346	0.000404
3.9148295889972036	0.001301
3.78958009791871	0.003475
4.0234293416929505	0.090774
4.452769015621739	0.010097
4.484189752976194	0.000694
4.14217744483169	0.035802
4.074217554631183	0.000151
4.0790052701472765	0.216759
4.367803660748738	0.001242
4.172986366819426	0.001802
4.138090969459392	0.001417
4.438194531842044	0.110403
4.474882963631253	0.000269
4.350693462171516	0.014277
3.7835040946962684	0.000229
4.3648974574858626	0.142996
3.92331431419878	0.003518
4.54349027257745	0.197547
3.9576598755663106	0.003284
4.455767849165287	0.003072
4.237263070719422	0.044114
4.245861852445203	0.000182
4.272007327875201	0.00145
4.227531010946256	0.001456
4.356437935470669	0.00074
4.43321342228189	0.004262
4.212828244527871	0.000553
4.306147739881934	0.000233
4.279744629768484	0.000163
4.1109971091919775	0.000595
3.900662013402515	0.001766
4.115618059727731	0.000818
4.268839356519395	0.000557
4.001888392006736	0.000409
4.194220138051454	0.003998
4.3670124842508615	0.006756
4.3195932477381005	0.001187
4.377659964989961	0.07334
3.910933002841741	0.010035
4.783252234929172	0.032865
3.8919632298318367	0.001928
4.273006701410934	0.002697
4.411789312845261	0.000557
4.15795955905032	0.005401
4.108136297243209	0.006292
4.238445925188695	0.003745
3.9704652328397687	0.001569
4.285498145410633	0.002471
4.204014566319708	0.00022
3.9498168628818204	0.000936
4.113330406648052	0.004438
4.235057898073955	0.011282
4.0512001532227515	0.000815
4.2068539411386485	0.303673
4.301892534866949	0.12242
4.3168672246694175	0.002869
4.079916976759599	0.001513
4.309093018693665	0.042389
3.9277104905213176	0.000519
3.5152234267445484	0.000155
4.42299839305755	0.278198
3.9255377647318217	0.00336
4.333614894109576	0.056545
4.041455559886462	0.001008
4.133821130161897	0.001856
3.9609465511520563	0.000403
4.111265851562764	0.003383
3.541800888373645	0.000214
4.561337026235463	0.157117
4.330755069935128	0.000648
3.8279033843526746	0.000547
4.011771336194881	0.001917
4.202832990785985	0.002531
4.235500611001917	0.000117
4.414400288894618	0.003052
4.496765688329154	0.009562
3.9494065070125863	0.000476
4.255266142908487	0.000374
4.178888867522702	0.001468
4.36512730390228	0.000219
4.372210626386283	0.001827
3.831768372647101	0.000276
3.722506292088276	0.275035
3.9419149620345277	0.001122
4.139737620240627	0.001475
4.406474091000421	0.010843
3.9219546319776035	0.000556
4.353395528335119	0.00088
4.513332070074749	0.000902
4.388477388997258	0.012439
3.6239547247240327	0.000254
4.098896660157678	0.000511
4.31383363130178	0.018112
4.293684995730348	0.176826
4.370826410379172	0.000304
4.568592972310252	0.003281
4.297360794138737	0.00054
4.015437365715284	0.013954
4.50580464144124	0.001908
4.142193839691761	0.000667
3.9653796750945123	0.001806
3.848786814428884	0.000269
4.469954540759283	0.001782
4.217064374360196	0.010643
4.059757584527405	0.000985
4.299030199081197	0.001133
4.447401621386518	0.021469
4.074612930631387	0.000434
3.89204178093981	0.001073
3.776978417870464	0.000259
4.825447415907674	0.011907
4.060526172852995	0.000845
3.962612573718781	0.000624
4.17826895677066	0.000137
3.873093357981744	0.000189
4.164610908939226	0.000675
4.209315039594496	0.0032
4.398953261129446	0.001314
4.392710419454223	0.002243
4.268678270555013	0.000184
4.146231138647795	0.000785
4.14016256685183	0.004981
4.463779958845388	0.004919
4.162389153675252	0.000204
4.173007512788026	0.000501
4.45837137473483	0.044187
3.8424311788371095	0.000441
4.130700207293419	0.017988
4.530773227136004	0.000732
4.045871839981081	0.000438
4.350483956266211	0.030217
3.9499122741655266	0.000221
4.52835739482352	0.020125
4.816340001670276	0.254602
4.258561915259425	0.000929
4.3613227793090354	0.164009
4.030275331907221	0.002467
4.380789111139946	0.000525
4.185747511032334	0.001828
4.513709815816781	0.256136
4.724929793232461	0.00023
4.446294719337473	0.055502
4.334254394340535	0.00229
4.111620685318581	0.000183
4.195445477659509	0.003238
4.618874079296195	0.00956
4.262871959380284	0.012965
3.763376449987699	0.000131
4.355703543693862	0.043826
4.342429560090512	0.000152
4.575358286206865	0.000282
4.322222594193077	0.004147
4.274199515248976	0.225458
4.615291621384025	0.234165
4.31232329051836	0.000203
4.1853740837358675	0.001701
4.216561431750831	0.003198
4.021245470120273	0.228236
4.294282391782543	0.000632
4.190152272546154	0.000337
3.711858052153032	0.006874
3.5566830948372306	0.000153
4.240918743586232	0.05515
4.039887822127615	0.004953
4.4251275724645955	0.002041
3.642138083230884	0.003551
3.772385748130051	0.178599
4.206169101298072	0.033436
4.3475450367556325	0.000359
4.028287825862422	0.019202
4.067828936117682	0.001005
4.225509855300085	0.000916
3.889513271719117	0.000714
4.68565267696026	0.089211
4.226632711385385	0.001474
4.184608975747205	0.002846
4.026519107525755	0.003167
4.032825234720295	0.000153
4.436402569538194	0.0003
4.3051861248667525	7.5e-05
3.837611310345527	0.001904
4.252062108301198	0.000424
4.446606512843149	0.228562
4.263330139260887	0.000769
4.26089974613524	0.002383
4.410961877175064	0.001636
4.080222114359746	0.018678
4.357505078961769	0.004839
4.058518231056691	0.001277
3.924942657157447	0.000467
4.442557015024215	0.000887
4.033426494790237	0.000545
3.918430773786261	0.001302
4.25928503880156	0.00064
4.0921934943465645	0.000178
4.109153790838434	0.003162
4.127153306498877	0.004389
4.317175875259191	0.094182
4.258051807892968	0.222712
4.567639569691829	0.020688
4.365000640340964	0.000466
3.9876071435671157	0.003847
4.40648982462554	0.210451
4.183439863026513	0.002374
4.2786414257467	0.001564
4.320592188610871	0.001903
4.756448603142968	0.011352
4.5010366160829625	0.001288
3.947546352976701	0.000453
4.645656377355364	0.248694
3.5055886884952385	0.002121
4.363681952074287	0.234364
4.203820894721515	0.010349
4.113165228092385	0.002243
4.37098269625443	0.00025
4.084945376986169	0.00315
7.111671368512432	0.001939
4.254207405012635	0.000907
4.586339993518192	0.001068
4.293141309511064	0.018989
4.105518357799197	0.002045
4.022671493701773	0.023608
4.629495945956994	0.025785
4.12477612251698	0.000507
3.9539243427225315	0.00043
3.934193761120834	0.000166
7.988044142031032	0.009788
4.407656316888988	0.001175
4.247218731895394	0.00585
4.254501285262858	0.001117
3.937625900612584	0.005196
3.8582710982022816	0.003143
4.104799171747249	0.001854
4.220505811985764	0.000765
4.587795212193818	0.00408
4.770250316208546	0.029835
4.227650863497854	0.03412
3.821258320294028	0.000323
4.3656421406093155	0.006344
4.314625215969228	0.002303
4.231058071918847	0.006548
3.8158582832804524	0.00032
4.382500108684165	0.00038
4.00467270458632	0.001871
4.313523680005414	0.002859
4.109404143754904	0.014641
4.126214132714194	0.001207
4.251665973104849	0.000602
4.142052027553223	0.02254
4.4640462004911665	0.007174
4.376044541996039	0.021067
4.224276499219202	0.012773
4.070600826699335	0.001306
4.336249470594291	0.000456
4.416810300690957	0.236781
4.097946737876183	0.000922
4.1386014931624615	0.02284
4.289095800882167	0.003726
4.1109243649930525	0.008005
3.7411364778838694	0.000849
4.403260336487287	0.00854
4.1557775949954445	0.000908
4.140961210154323	0.001384
4.02726216612714	0.000126
3.8270091202400884	0.001873
3.989469482678029	0.001593
4.500408735114795	0.001494
4.192613659440883	0.000236
4.294577836687944	0.009251
3.857182223697777	0.000432
4.498205532573276	0.000728
4.545482238569549	0.010492
4.165994651468275	0.016096
4.67992457403088	0.009269
4.114401400551349	0.000117
4.650050265201627	0.275309
3.612341256100442	0.000197
4.2214345556444135	0.000876
4.221542059668975	0.001232
3.8353661097519307	0.000546
4.46255781657698	0.149064
4.359265574020022	0.018866
4.4353369281145785	0.001695
4.373918908234414	0.000673
4.178302464870299	0.000475
4.231876353677761	0.202448
3.7131622122607917	0.00905
4.362238847905919	0.038451
4.716750959388668	0.003086
4.376955677169107	0.000687
4.5177919400877204	0.00023
4.472887397573084	0.001762
4.365318926484032	0.001095
4.334850903301949	0.003409
4.3309087952184875	0.006188
4.4679422614671696	0.006739
4.507718124351566	0.170611
4.272482033229767	0.000726
4.5089015040018445	0.255386
4.391784214616428	0.003636
4.192362313308491	0.000185
3.613567871921699	9.2e-05
4.891001433162922	0.023675
4.127991145082462	0.007383
4.517690931422898	0.002066
4.031360736961093	0.000181
3.7458861437197295	0.000832
4.460702225889641	0.0018
4.248480347000573	0.00147
4.113625220250399	0.00269
4.094030121417985	0.000783
4.534642030466035	0.008086
4.336970101572273	0.000903
4.42059358951836	0.019591
4.278834008890127	0.015336
4.332414129105651	0.003289
4.485469999717869	0.000293
4.1399899541457925	0.00022
4.240487187327749	0.174528
4.176734531189069	0.000249
3.9354055984370464	0.00561
4.271094271580329	0.000123
4.371923978922446	0.023835
3.968960943869923	0.00095
4.448357059417381	0.26062
4.187212855065668	0.000259
4.52045353747783	0.000203
4.0936540763881695	0.011558
4.123264437494159	0.16179
4.277212006185463	0.004604
4.536229997169253	0.1184
4.0406148287331005	0.000688
4.139649901614273	0.033983
4.356945887697091	0.011571
4.142701778311087	0.00072
3.9250979906349786	0.000277
4.17427277149827	0.000404
4.27194735942158	0.000368
4.167578580002407	0.008662
4.235398089383314	0.003305
4.137469692695357	0.00172
4.119372428292791	0.002665
4.248834737210227	0.001861
7.2812573018325795	0.01102
4.468544351483349	0.010621
4.447895537979237	0.000704
4.509539235491295	0.280845
4.502805328978028	0.011749
4.32095384153881	0.032077
4.535931874663611	0.005024
4.132807606706464	0.000507
4.243106443801611	0.208423
4.300589634644495	0.001043
4.30755679988336	0.002376
4.5593356233348	0.014073
4.182239125233687	0.017051
3.9795235740621475	0.000122
3.8133416409432375	0.005844
4.368424722544785	0.007089
4.171768289931203	0.003919
4.466279169567614	0.016446
4.296007346047971	0.010043
4.4888693168367775	0.013749
4.694094876207953	0.270882
3.69093106481117	0.001076
4.114594378260344	0.001077
3.784845749372903	0.000216
4.608825224565791	0.000824
3.9292996762947405	0.016116
4.343639149748645	0.003281
4.295542107533868	0.193037
4.747772184611094	0.000132
4.135053520239502	0.003857
4.309259682992013	0.125663
4.470816270937909	0.1999
4.188313743398533	0.003196
4.2482077378912395	0.008563
4.388686851365115	0.023329
4.4005655439282645	0.192469
4.633254717326357	0.261762
3.6389260294284194	0.00258
3.8136717014517405	0.00017
4.4645733938876395	0.00068
4.486866621396562	0.270046
4.426691258447259	0.242144
4.434825783993204	0.000991
4.1467151230843875	0.000547
4.255356435729195	0.209999
4.1346749935302824	0.000683
4.069063606509161	0.014917
4.385831334751485	0.259435
4.2804270369117985	0.228915
4.329823365674317	0.008759
4.091780153389511	0.000179
4.380018906457782	0.000206
4.099384541264717	0.001476
4.346172649536152	0.041004
4.3575560649377385	0.000454
4.35781652416322	0.206367
4.3104790551436825	0.00033
4.617393401646457	0.002075
4.234452885554554	0.02568
4.177041758623853	0.000705
4.3396628777691	0.010276
4.251917534205228	0.000236
4.262151869909658	0.001718
4.075920222770301	0.000477
4.209717463341905	0.000937
4.341999772571991	0.000389
4.0292546028765015	0.008917
4.222158245184203	0.00408
4.464681719696037	0.017481
4.552349295838377	0.004373
4.116187953230973	0.014891
4.409755805951252	0.100279
4.076605122477769	0.00969
3.874913456858401	0.004348
4.155136815828936	0.257189
4.266550470765509	0.047562
4.372970760132935	0.000237
4.132873474587178	0.004575
4.423516731869463	0.010256
4.048503194635852	0.001008
4.544646555127546	0.001273
3.99490636662953	0.000205
3.949956487226077	0.000794
4.521017577813776	0.001377
4.171599968459634	0.00079
4.306334546048211	0.018955
4.3029909306356595	0.000344
4.736625410309295	0.000688
4.0103105908851395	0.000319
4.52066417537535	0.020651
4.39387605183644	0.245524
4.303194697659662	0.000258
4.511570935549495	0.002932
4.435795951546968	0.000193
4.200053023864612	0.000252
4.218699792280259	0.000386
4.43240601691288	0.122137
4.12590770529375	0.000127
4.194888414323767	0.001102
4.654194132107751	0.082252
4.034985777971691	0.000611
4.312446568983141	0.000447
4.2931305746198	0.00031
4.206129054299699	0.003077
4.275562868284769	0.009985
4.2708850541154515	0.000293
4.77736095892312	0.000705
3.9743456908060906	0.005285
4.279458548300753	0.005194
4.087178863081222	0.035088
4.133529092124076	0.006392
4.340429199386366	0.00081
4.139306874879684	0.003826
4.114199979149712	0.002709
4.418780225459727	0.002209
4.2234107145435935	0.014308
4.136193598410311	0.000102
4.427539527153783	0.030051
3.766420955121834	0.000483
4.245820684339364	0.000392
4.074495312135413	0.000714
4.612356239353372	0.004674
4.517761210270315	0.202035
4.465862337388884	0.002898
3.8030194940975037	0.000313
3.947185742243734	0.001647
3.9164961476281364	0.000616
4.190365392123078	0.013499
4.231802643475559	0.005168
4.2180732337850895	0.000689
4.3332171099024075	0.003133
4.463951254521574	0.010328
4.556099607187201	0.016383
4.209357214521806	0.000547
4.316890612854496	0.007778
3.812657280022325	0.000296
3.4532861129323966	0.000309
3.99237408046908	0.007188
4.347899228322102	0.000701
4.161993872915439	0.000644
4.394862480915584	0.007344
4.169388697742343	0.217844
4.00104322539792	0.000228
4.395768364289414	0.025406
4.2180823523197795	0.000602
4.191222531742059	0.000703
4.013927639911661	0.003699
4.096921785637195	0.000376
4.425465858975406	0.022341
4.54600627816537	0.000218
4.406174825617816	0.035037
4.467056386623482	0.092561
4.00800523135714	0.000289
4.611871678034376	0.22009
3.8782958593793797	0.002612
4.018448049817508	0.002931
4.659911279733185	0.002811
4.0272188319965165	0.002121
4.437005742567539	0.000866
4.204967024704351	0.000201
4.01667990291855	0.001504
4.044416694774801	0.001289
4.626020366206387	0.002786
3.976774190019485	0.019339
3.794278853971842	0.000445
3.8348254956984573	0.006004
4.5908237333598	0.003072
3.902294206771833	0.000427
4.304307278724665	0.001037
4.219208158117852	0.005201
4.391210546892682	0.002506
3.7439979673970334	0.000527
3.9632977264916303	0.000648
4.310546408765531	0.000176
4.405666459778676	0.000954
4.488677509217391	0.174468
4.664051829570519	0.017159
4.602598059371143	0.07734
4.189426868691693	0.304589
4.410223825466842	0.000696
4.691650221594319	0.031303
4.514589715038587	0.032308
4.355543962519311	0.266061
4.263121419764372	0.054607
4.08286477806893	0.002542
4.328831241254413	0.000657
4.4286346140192006	0.000252
3.5808221631911086	0.022226
4.175684228825005	0.001887
4.248898185999227	0.000298
4.304479347204093	0.001256
4.356808413052815	0.000449
3.9339826796756032	0.003303
4.354261615058251	0.000319
4.131190975528633	0.002296
4.063100397204818	0.005052
3.72872402309516	0.000734
4.316565474885061	0.002084
4.107803251643793	0.011162
4.61118097413866	0.000533
4.357164400570345	0.003203
4.241178759267097	0.000357
4.141334849699523	0.001431
4.16144035522357	0.000721
3.9726700789489597	0.00115
4.131294789688335	0.000115
4.538648226807045	0.114586
3.9329228070667357	0.000604
4.232953301433442	0.000233
4.158475274684188	0.001286
4.014330482714936	0.000225
4.218670374049556	0.0006
3.7415349042803863	0.015119
4.312888944488532	0.000187
4.487136286233177	0.000354
4.394627295625032	0.053699
4.492191448859705	0.216224
4.6155855696635415	0.003295
4.178183273556747	0.001833
4.631714844026239	0.000214
4.372744304256201	0.000355
4.734742872185909	0.015561
3.9674473567693536	0.001432
4.6613068320027145	0.001777
4.458979984601047	0.265629
3.9333158156766244	0.000196
4.198008580715354	0.000989
4.119055538095161	0.000743
4.151799230462009	0.009897
4.417870156975021	0.005513
4.205167975350273	0.022471
4.495591887087626	0.162583
4.021737476474389	0.000537
4.240749192161257	0.002662
4.032403645992982	0.000404
4.006852241383989	0.003463
4.304386507397035	0.006067
4.547400151493728	0.042906
4.4468093927763706	0.018017
4.067952386013002	0.004517
4.024304446270328	0.011785
4.605852614635646	0.001289
3.8199144778200176	0.0007
4.5184754248026	0.22044
4.195017608541991	0.002801
4.4109678228634985	0.194148
4.213211623027612	0.014977
3.970106227580173	0.004556
4.237454932761005	0.007558
4.339381375977812	0.00636
4.458461425374906	0.168731
4.645254198510935	0.075734
4.4846487519167395	0.078031
4.0241778670631065	0.000749
4.19984498737564	0.009962
3.989653194908999	0.00253
3.92154373188176	0.000134
3.9027896635294304	0.003989
4.450265625230239	0.000509
4.413428338995343	0.000246
3.8893809400250436	0.012998
3.8524666156328604	0.000997
4.316055582488137	0.134675
4.266967468933177	0.003533
3.9461528116262192	0.001001
3.6858510935638273	0.000854
4.225636864446374	0.003351
4.203584438659362	0.002534
4.027282207314623	0.005485
4.474541047120927	0.017263
4.136905314938388	0.002844
4.159440897936556	0.000275
4.007986986122265	0.000321
4.1984334239253105	0.125454
4.554537782460997	0.016039
4.6108847972466664	0.008342
4.3053916252556705	0.246347
3.7395581195213015	0.00881
4.401098881654811	0.214199
3.858084550544534	0.000237
4.110337380016646	0.001251
4.123524861344594	0.003048
4.469001679645124	0.004577
3.8659655802565585	0.00151
3.9175094044110907	0.000639
3.9115255960855584	0.003516
4.336198310466982	0.001307
4.098865960272172	0.000468
4.10652377226221	0.000275
4.5641191482968715	0.004272
4.633072439133579	0.000645
4.607099380488781	0.015614
4.259939518900002	0.126646
3.906940784991437	0.000268
4.794985504401417	0.00117
4.559052608589731	0.00023
3.500828363961356	0.000188
4.356984421740137	0.001022
3.960297916060057	0.005324
4.060312737624545	0.000352
4.345775444932187	0.045222
4.51642807819727	0.217148
4.196241356283771	0.00067
4.562185670458859	0.002245
4.191570834764637	0.000378
4.50077576229346	0.001439
4.329167454256936	0.005729
3.880478212556676	0.000293
5.011925181872031	0.063392
4.1329324035666275	0.001428
4.064508776922596	0.001077
4.348532532518498	0.181672
3.694533172066056	0.002773
4.324290262260822	0.036466
4.46841284701626	0.007063
4.146343820997605	0.002285
4.348074164881006	0.002907
4.236525008126452	0.022068
4.553552169724089	0.003285
4.290042321740777	0.087096
4.269684329928174	0.00509
4.288256767720222	0.008835
4.05263145581304	0.000305
3.689308109707232	0.000842
4.584399829841203	0.109805
4.216553333643161	0.000211
4.143243007342811	0.006438
4.403180171743541	0.002868
4.443530752713697	0.058641
4.611682001066273	0.001453
4.131724650679296	0.001312
4.327962830678413	0.017153
4.354480955158489	0.007882
4.195470308048274	0.004751
4.425207029712047	0.251354
4.281986382679399	0.000851
3.824077735561874	0.00328
4.40162596892769	0.001802
4.252451304596283	0.000248
4.359333425610232	0.244342
4.263215603813925	0.000321
4.228266684379413	0.011248
4.57494407720618	0.0041
3.519638841516337	0.001301
3.9837225902856166	0.000144
4.484063260846963	0.000937
4.623714051559859	0.240839
4.310934769671231	0.007625
4.483951397558641	0.253644
4.343193073492099	0.00892
3.7899978117450734	0.001037
4.240378573078924	0.008904
3.831057105105242	0.000195
4.694504562675193	0.001593
4.4499719381816	0.224676
4.183477270520492	0.009322
4.200575308329114	0.069596
4.15526146302651	0.002333
