1	1.252	21.4
2	2.112	43.1
3	1.498	41.0
4	1.340	35.9
5	1.438	44.7
6	1.123	26.1
7	1.147	16.1
8	1.119	18.2
9	1.519	44.0
10	1.603	53.5
11	1.543	48.3
12	1.132	12.4
13	1.699	57.8
14	1.542	42.2
15	1.166	33.2
16	1.052	7.2
17	1.216	10.0
18	1.090	4.9
19	1.537	51.9
20	1.147	28.8
21	1.140	17.4
22	1.214	36.0
23	1.205	2.5
24	1.380	29.6
25	1.934	51.5
26	1.180	22.8
27	1.430	47.5
28	1.556	45.0
29	1.225	11.3
30	2.222	54.1
31	1.125	11.8
32	1.116	22.2
33	1.122	4.0
34	1.158	8.2
35	2.723	40.4
36	1.708	59.5
37	1.010	1.1
38	1.118	8.8
39	1.432	36.8
40	1.495	33.5
41	2.034	45.8
42	1.236	15.8
43	2.017	51.2
44	1.131	18.5
45	1.419	40.1
46	1.622	45.9
47	1.358	27.7
48	1.087	0.2
49	1.957	57.3
50	1.743	42.3
51	2.209	41.2
52	1.207	38.1
53	1.530	35.5
54	2.300	43.9
55	1.160	15.8
56	1.191	23.9
57	1.120	34.6
58	2.476	44.7
59	1.133	27.2
60	1.430	42.6
61	1.016	1.8
62	2.470	44.5
63	1.188	14.7
64	1.126	6.1
65	1.099	18.0
66	1.120	1.9
67	1.199	26.4
68	1.450	47.8
69	1.662	52.1
70	1.435	52.0
71	1.547	57.7
72	1.277	29.2
73	1.135	19.6
74	1.337	39.0
75	1.325	42.4
76	1.102	5.9
77	1.347	33.4
78	1.556	53.7
79	1.711	51.3
80	1.671	57.3
81	1.267	37.9
82	1.556	56.6
83	1.342	29.9
84	1.095	5.1
85	1.158	29.9
86	1.649	44.9
87	1.138	2.2
88	1.108	6.6
89	1.218	31.0
90	1.265	39.7
91	1.788	55.6
92	1.110	8.0
93	1.061	0.5
94	1.645	57.6
95	1.081	13.6
96	1.526	50.1
97	1.972	57.5
98	1.525	50.9
99	1.269	21.4
100	1.117	13.8
101	1.874	55.3
102	1.712	58.0
103	1.132	8.9
104	1.379	26.6
105	1.170	34.3
106	2.591	55.0
107	1.152	13.6
108	1.528	50.9
109	1.540	52.8
110	1.045	7.0
111	1.263	33.6
112	1.076	11.5
113	1.729	61.8
114	1.121	15.7
115	1.141	26.0
116	2.413	45.9
117	1.440	43.1
118	1.302	17.3
119	1.278	29.9
120	1.210	16.1
121	1.368	33.8
122	1.029	8.8
123	1.856	53.6
124	2.792	44.0
125	1.179	41.0
126	1.278	17.0
127	1.427	43.4
128	1.191	35.3
129	1.106	37.2
130	1.176	21.4
131	1.307	43.2
132	1.158	6.2
133	1.212	20.6
134	1.756	49.6
135	2.377	50.3
136	1.422	42.8
137	1.172	20.7
138	1.498	41.4
139	1.109	15.6
140	1.590	37.8
141	1.074	19.3
142	1.183	17.9
143	1.076	10.9
144	1.501	58.3
145	1.105	19.9
146	1.104	17.9
147	1.397	34.2
148	1.261	19.5
149	2.536	48.0
150	1.238	32.1
151	1.073	0.6
152	1.813	59.2
153	2.532	45.0
154	1.552	57.5
155	1.237	25.4
156	1.244	29.4
157	1.238	27.6
158	1.506	44.7
159	1.184	28.1
160	1.247	4.4
161	1.128	10.3
162	1.463	39.4
163	1.053	12.2
164	1.139	19.3
165	1.403	34.9
166	1.302	19.8
167	1.306	40.1
168	1.111	29.5
169	1.309	24.6
170	2.246	55.3
171	1.032	14.0
172	1.449	41.0
173	1.230	30.0
174	1.080	10.1
175	1.099	29.1
176	1.394	35.5
177	1.120	17.0
178	1.641	43.3
179	1.116	7.1
180	1.875	56.9
181	1.295	16.9
182	1.116	1.0
183	1.713	56.3
184	1.616	51.3
185	1.763	57.5
186	1.182	20.2
187	1.212	0.6
188	1.406	44.7
189	1.194	1.7
190	1.775	59.9
191	1.549	49.9
192	1.171	27.7
193	1.547	47.2
194	1.901	57.7
195	1.425	35.2
196	1.269	39.5
197	1.245	24.7
198	1.230	9.5
199	1.712	57.4
200	1.744	44.5
201	1.121	21.0
202	1.677	50.3
203	1.132	5.9
204	1.130	8.0
205	1.986	57.8
206	1.470	42.0
207	1.433	41.2
208	2.161	52.3
209	1.121	2.9
210	1.808	52.9
211	1.920	53.2
212	1.052	17.9
213	1.338	45.6
214	1.235	24.4
215	1.115	19.8
216	1.360	27.1
217	1.167	30.7
218	1.144	4.8
219	1.532	48.1
220	1.178	23.1
221	1.353	28.5
222	1.639	41.3
223	2.322	46.7
224	1.077	13.9
225	1.141	2.1
226	1.315	46.0
227	1.167	16.7
228	1.597	48.1
229	1.766	46.8
230	1.695	52.0
231	1.289	36.7
232	1.507	40.6
233	1.556	46.5
234	1.954	56.7
235	1.732	53.6
236	1.121	7.0
237	1.106	4.1
238	1.982	49.9
239	2.588	38.2
240	1.082	7.8
241	1.282	27.3
242	1.300	31.0
243	1.319	30.9
244	1.385	26.9
245	1.184	31.5
246	1.021	1.1
247	1.148	4.5
248	2.225	56.1
249	1.066	17.5
250	1.075	21.5
251	1.316	35.0
252	1.533	52.2
253	1.121	10.4
254	1.099	4.2
255	1.456	34.6
256	1.909	57.7
257	1.525	52.9
258	2.525	47.7
259	1.308	24.6
260	1.245	45.3
261	1.722	50.7
262	1.188	16.0
263	2.397	42.6
264	1.422	44.4
265	1.244	25.0
266	1.394	51.1
267	1.302	39.7
268	1.315	21.1
269	1.175	19.1
270	1.221	34.2
271	1.154	14.8
272	1.530	51.0
273	1.128	17.3
274	1.933	52.3
275	1.196	20.4
276	1.250	14.6
277	1.334	38.7
278	1.196	15.9
279	1.206	19.8
280	1.659	42.1
281	1.159	5.6
282	1.203	10.4
283	1.232	18.6
284	1.278	41.7
285	1.787	57.7
286	1.551	46.6
287	1.495	48.6
288	2.353	45.7
289	1.545	50.8
290	1.124	2.5
291	1.179	0.1
292	1.164	33.1
293	1.064	4.4
294	1.410	38.0
295	1.375	25.7
296	1.123	4.7
297	1.151	4.9
298	1.479	45.6
299	1.416	49.6
300	1.817	59.3
301	1.643	41.7
302	1.111	24.5
303	1.158	19.9
304	1.260	42.7
305	1.284	36.7
306	1.674	54.4
307	2.739	41.1
308	1.223	14.8
309	1.113	1.9
310	1.175	1.2
311	1.232	17.8
312	1.428	41.2
313	1.183	7.7
314	1.565	57.8
315	1.553	39.0
316	1.204	31.0
317	2.378	49.9
318	1.123	0.8
319	1.126	14.3
320	1.718	46.1
321	1.521	44.8
322	1.072	29.7
323	1.896	54.9
324	1.698	59.5
325	2.050	55.6
326	1.132	7.9
327	1.331	33.8
328	1.437	38.7
329	1.380	22.9
330	1.115	3.6
331	1.135	5.6
332	1.467	59.3
333	1.669	51.3
334	1.753	56.6
335	1.144	4.3
336	1.411	45.2
337	1.143	23.2
338	1.529	34.9
339	1.450	42.2
340	1.753	49.6
341	1.084	3.4
342	1.144	14.7
343	1.124	11.7
344	2.248	55.9
345	1.268	28.5
346	1.252	37.2
347	1.962	55.8
348	1.377	26.3
349	1.069	9.5
350	1.529	43.2
351	1.778	54.7
352	1.091	11.7
353	1.113	19.4
354	1.225	19.9
355	1.098	5.8
356	1.639	44.1
357	1.261	21.8
358	1.592	55.5
359	1.346	24.2
360	1.084	6.0
361	1.573	41.5
362	1.136	5.9
363	1.299	41.4
364	1.103	10.8
365	1.403	40.6
366	1.131	22.3
367	1.262	27.3
368	1.203	18.5
369	1.081	0.2
370	1.664	57.7
371	1.611	42.2
372	1.078	18.5
373	1.886	56.7
374	1.834	49.6
375	1.208	29.1
376	2.191	46.7
377	1.249	25.0
378	1.268	23.9
379	1.606	50.9
380	1.362	59.3
381	1.492	31.3
382	1.506	48.5
383	1.087	17.1
384	1.220	29.8
385	1.331	16.2
386	1.155	15.5
387	1.922	48.5
388	1.154	4.7
389	1.175	11.1
390	1.109	41.3
391	1.697	50.1
392	1.333	37.7
393	1.340	48.7
394	1.149	24.8
395	1.286	47.1
396	1.134	7.8
397	1.042	3.2
398	1.867	49.4
399	1.980	59.0
400	1.317	34.7
401	1.829	50.4
402	1.285	38.3
403	1.799	54.5
404	1.615	53.4
405	1.039	7.9
406	2.508	39.9
407	1.188	13.1
408	1.439	52.1
409	1.333	45.3
410	1.157	34.3
411	1.265	42.2
412	1.201	36.2
413	1.405	30.3
414	1.257	26.2
415	1.106	7.9
416	2.551	40.2
417	2.098	47.2
418	1.130	23.8
419	1.168	25.2
420	1.242	16.8
421	1.111	11.9
422	1.303	36.2
423	1.020	7.0
424	1.156	0.4
425	1.820	49.5
426	1.713	49.5
427	1.069	0.0
428	1.046	2.6
429	1.216	14.0
430	1.134	5.0
431	1.194	8.1
432	1.847	60.9
433	1.922	55.8
434	1.450	45.6
435	1.070	24.7
436	1.374	31.3
437	1.126	26.6
438	1.172	32.1
439	2.366	57.5
440	1.139	8.0
441	1.318	41.9
442	1.073	14.5
443	1.371	33.1
444	1.202	5.5
445	1.207	31.5
446	1.025	10.8
447	1.274	24.5
448	1.135	0.4
449	1.200	24.3
450	1.530	39.9
451	1.478	43.0
452	1.185	12.3
453	1.548	57.1
454	2.053	54.5
455	1.161	0.5
456	1.438	32.0
457	1.139	10.9
458	1.304	48.0
459	1.621	47.0
460	1.175	1.4
461	1.104	1.5
462	1.246	27.3
463	1.152	10.4
464	1.496	58.4
465	1.256	26.5
466	1.509	50.9
467	1.151	14.7
468	1.170	6.4
469	1.466	53.8
470	1.100	8.6
471	1.376	44.7
472	1.232	23.4
473	1.163	36.6
474	1.925	55.6
475	1.161	19.9
476	1.260	28.5
477	1.101	10.1
478	1.164	11.4
479	1.178	13.3
480	1.243	25.0
481	1.710	57.4
482	1.391	46.1
483	1.109	4.5
484	1.083	3.4
485	1.110	29.9
486	1.977	48.0
487	1.142	14.5
488	1.153	40.4
489	1.995	57.1
490	2.069	59.5
491	1.304	40.5
492	1.432	45.9
493	1.608	47.2
494	1.901	47.0
495	1.064	2.6
496	1.117	29.2
497	1.157	2.8
498	1.131	5.5
499	1.269	39.1
500	1.107	8.6
501	1.608	45.6
502	1.585	54.3
503	1.173	4.7
504	1.401	37.0
505	1.228	33.5
506	2.242	58.4
507	1.907	57.0
508	1.315	34.5
509	2.187	46.5
510	1.290	30.5
511	1.181	8.5
512	1.325	41.5
513	1.912	61.6
514	1.246	29.9
515	1.209	6.1
516	1.175	27.3
517	2.115	60.7
518	1.112	0.2
519	1.297	29.4
520	2.185	48.5
521	1.143	1.9
522	1.093	19.4
523	1.178	15.6
524	1.179	37.4
525	1.112	20.7
526	1.492	47.4
527	1.124	2.0
528	1.212	32.4
529	1.199	35.0
530	1.454	31.7
531	1.066	9.9
532	1.093	17.7
533	1.138	20.5
534	1.143	45.4
535	1.216	45.4
536	2.575	37.9
537	1.135	3.8
538	1.205	0.3
539	1.184	27.0
540	1.839	53.7
541	1.511	43.1
542	1.154	9.7
543	1.966	54.7
544	2.236	56.0
545	1.409	32.3
546	1.178	29.4
547	1.171	7.0
548	1.628	50.5
549	1.262	42.4
550	1.105	17.5
551	1.421	37.5
552	1.138	27.2
553	1.083	8.6
554	1.388	38.3
555	1.254	36.2
556	1.576	47.3
557	1.112	12.0
558	1.344	38.3
559	1.655	48.7
560	1.149	15.9
561	1.629	47.7
562	2.526	40.6
563	2.330	49.3
564	1.293	33.6
565	1.618	51.1
566	1.303	41.0
567	1.602	48.6
568	1.572	53.6
569	1.106	3.4
570	1.273	22.6
571	1.245	35.8
572	1.150	19.9
573	1.167	21.4
574	1.125	8.1
575	1.329	43.9
576	1.122	7.7
577	1.850	56.3
578	1.150	6.1
579	1.528	39.3
580	1.150	2.6
581	1.231	31.8
582	2.154	59.0
583	1.257	11.3
584	1.151	13.6
585	1.303	35.5
586	2.179	56.2
587	1.637	50.9
588	1.663	56.4
589	1.344	31.4
590	1.385	46.2
591	1.422	30.9
592	1.487	57.4
593	1.099	0.6
594	1.215	33.1
595	1.171	17.1
596	1.608	54.4
597	1.909	55.4
598	1.125	14.4
599	2.345	51.8
600	1.575	60.3
601	1.092	3.4
602	1.188	2.7
603	1.425	47.4
604	1.288	34.8
605	1.160	5.8
606	1.151	22.3
607	1.426	47.3
608	1.357	37.8
609	1.724	55.0
610	1.264	17.1
611	2.177	47.7
612	1.102	5.5
613	1.274	39.2
614	2.759	40.0
615	1.406	40.0
616	1.180	13.5
617	1.867	54.7
618	1.187	16.2
619	1.408	42.5
620	1.484	50.4
621	1.389	25.4
622	1.225	24.9
623	1.390	33.0
624	1.105	17.2
625	1.330	31.4
626	2.433	55.5
627	1.476	50.7
628	1.644	37.8
629	1.919	50.7
630	1.936	54.3
631	1.161	0.9
632	1.333	42.4
633	1.119	9.9
634	1.171	6.5
635	1.207	21.2
636	2.581	52.3
637	1.818	58.1
638	1.366	35.2
639	1.550	58.4
640	1.142	23.1
641	1.539	43.3
642	1.229	34.0
643	1.137	6.2
644	1.474	62.0
645	1.288	32.5
646	1.810	54.1
647	1.171	11.0
648	1.356	31.1
649	1.262	29.0
650	1.080	5.6
651	1.971	54.7
652	2.051	57.0
653	1.596	54.1
654	1.201	23.1
655	1.237	20.4
656	1.739	57.2
657	1.234	18.9
658	1.428	35.1
659	1.694	58.8
660	1.394	38.7
661	1.405	33.9
662	1.356	33.3
663	1.271	15.6
664	1.085	3.9
665	1.174	28.6
666	1.186	17.4
667	1.136	7.9
668	1.166	27.9
669	1.352	30.9
670	1.150	8.3
671	1.170	14.7
672	1.395	35.8
673	1.071	6.0
674	1.449	54.3
675	1.190	27.8
676	1.153	10.5
677	1.796	58.7
678	1.854	60.2
679	1.142	5.8
680	1.255	16.4
681	2.530	50.6
682	2.095	52.1
683	1.117	11.5
684	1.425	35.8
685	1.115	12.5
686	1.127	21.8
687	1.150	8.2
688	2.107	53.3
689	1.846	56.5
690	1.119	2.3
691	1.464	41.7
692	2.689	46.0
693	1.461	39.9
694	1.153	28.2
695	1.525	55.1
696	1.427	36.7
697	1.084	4.4
698	1.121	4.2
699	1.509	42.3
700	1.220	24.9
701	1.873	49.0
702	1.616	42.1
703	1.136	18.4
704	1.439	42.4
705	1.592	58.3
706	1.676	57.3
707	1.762	58.3
708	1.130	13.2
709	1.131	16.9
710	2.608	43.0
711	1.218	1.0
712	1.644	49.5
713	1.703	59.4
714	2.638	41.4
715	1.134	26.7
716	1.176	1.8
717	1.421	65.7
718	1.256	33.1
719	1.981	55.5
720	1.323	31.5
721	2.037	53.2
722	1.540	54.8
723	1.184	24.6
724	1.174	16.8
725	2.584	43.1
726	1.508	37.6
727	1.600	59.8
728	1.335	50.7
729	1.418	38.7
730	1.309	34.6
731	1.982	51.0
732	1.113	2.8
733	1.177	13.2
734	1.218	35.5
735	1.157	18.2
736	1.702	59.2
737	1.151	6.5
738	1.121	6.4
739	2.034	52.3
740	2.391	51.2
741	1.086	0.6
742	1.261	33.5
743	1.354	45.5
744	1.072	6.7
745	1.581	47.8
746	1.542	47.9
747	1.106	4.3
748	1.403	41.4
749	1.263	29.3
750	1.150	2.9
751	1.999	47.4
752	1.116	5.5
753	1.155	31.5
754	1.701	57.4
755	1.776	56.8
756	2.033	48.4
757	1.309	35.6
758	1.216	28.9
759	1.603	56.6
760	1.530	45.9
761	1.134	5.0
762	1.006	2.0
763	1.310	33.0
764	1.249	28.7
765	1.709	50.8
766	1.439	43.5
767	1.177	1.4
768	1.147	19.8
769	1.204	21.7
770	1.892	55.4
771	2.737	49.3
772	1.884	49.3
773	1.460	41.6
774	2.322	54.3
775	1.513	40.1
776	1.164	28.2
777	1.201	40.1
778	1.148	19.1
779	1.388	29.9
780	1.099	14.9
781	1.315	30.9
782	1.199	4.9
783	1.138	29.3
784	1.044	10.0
785	1.227	21.9
786	1.148	19.6
787	1.152	1.6
788	1.217	21.9
789	1.628	38.4
790	1.145	1.3
791	1.114	27.2
792	1.297	18.1
793	1.153	25.8
794	1.160	1.3
795	2.193	52.1
796	1.253	28.3
797	1.975	47.5
798	1.782	59.0
799	1.040	4.0
800	1.481	52.1
801	1.497	55.4
802	1.322	35.7
803	1.131	3.4
804	1.328	25.1
805	1.109	12.5
806	1.907	55.2
807	1.135	1.7
808	1.253	30.0
809	1.571	48.1
810	1.151	23.3
811	1.354	46.7
812	1.491	41.6
813	2.862	32.1
814	1.100	9.3
815	1.775	59.9
816	1.281	28.1
817	1.153	9.6
818	1.349	38.0
819	1.325	35.7
820	1.131	26.5
821	1.284	29.2
822	1.226	38.9
823	1.329	35.0
824	1.175	8.4
825	1.141	7.3
826	1.273	38.4
827	1.283	15.9
828	1.792	58.6
829	1.162	30.6
830	1.106	14.8
831	1.870	60.7
832	1.856	54.9
833	1.095	14.6
834	1.756	55.4
835	1.050	31.8
836	1.176	29.8
837	1.837	56.7
838	1.132	4.2
839	1.088	11.0
840	1.780	60.6
841	1.064	6.6
842	1.074	4.5
843	1.089	8.1
844	1.264	44.7
845	1.278	21.9
846	1.152	20.6
847	1.274	46.3
848	2.020	54.7
849	1.622	48.1
850	1.275	33.2
851	2.227	60.9
852	2.094	57.0
853	2.137	56.9
854	1.469	43.8
855	1.104	8.2
856	1.341	32.8
857	1.268	33.7
858	1.607	54.5
859	1.319	29.2
860	1.250	6.2
861	1.384	36.0
862	1.505	44.5
863	2.222	50.5
864	1.219	23.1
865	1.226	20.1
866	1.222	18.8
867	1.195	25.6
868	1.161	2.0
869	1.120	17.0
870	1.482	44.7
871	1.361	51.9
872	2.137	55.5
873	1.177	25.0
874	1.514	45.2
875	1.124	27.7
876	1.655	55.6
877	1.295	52.1
878	1.172	17.2
879	1.860	33.8
880	1.197	20.5
881	1.141	1.9
882	1.213	13.9
883	1.096	17.3
884	1.207	24.4
885	1.093	1.9
886	1.101	2.3
887	1.100	13.3
888	1.139	9.7
889	1.356	41.9
890	3.193	39.6
891	1.085	2.1
892	2.351	43.6
893	1.698	60.5
894	1.565	47.4
895	2.110	52.8
896	1.200	24.5
897	1.647	44.7
898	1.432	36.8
899	1.729	42.7
900	1.176	19.1
901	1.394	37.5
902	1.269	41.3
903	1.206	13.1
904	1.080	6.8
905	1.372	29.7
906	1.414	35.7
907	1.150	16.2
908	1.535	44.4
909	2.409	48.1
910	1.630	50.2
911	1.114	17.2
912	1.366	53.8
913	1.746	53.6
914	1.365	36.8
915	1.401	39.6
916	1.082	5.2
917	2.029	53.8
918	1.181	12.2
919	1.132	3.9
920	1.259	31.5
921	1.302	48.4
922	1.262	38.6
923	2.083	61.1
924	1.850	47.1
925	1.086	27.1
926	1.451	41.2
927	1.248	37.3
928	1.524	35.7
929	1.197	21.9
930	2.012	56.4
931	1.176	17.6
932	1.442	49.2
933	1.403	41.6
934	1.352	28.3
935	1.462	50.6
936	1.249	30.2
937	1.738	55.7
938	1.121	7.9
939	1.183	10.7
940	1.152	3.2
941	1.221	24.9
942	1.103	11.7
943	1.631	57.3
944	1.251	36.4
945	1.385	43.7
946	1.137	5.1
947	1.260	17.2
948	1.060	7.3
949	1.977	56.9
950	1.364	37.6
951	2.013	52.6
952	1.072	5.6
953	1.155	23.6
954	1.116	8.9
955	1.156	12.2
956	1.499	39.9
957	1.375	36.6
958	1.301	34.9
959	1.126	4.6
960	1.142	4.9
961	1.810	55.4
962	1.238	30.8
963	1.155	26.3
964	1.323	17.9
965	1.180	10.3
966	1.735	57.4
967	3.230	31.3
968	1.127	12.7
969	1.100	5.6
970	1.993	56.4
971	1.465	33.1
972	1.317	40.3
973	1.882	54.9
974	1.688	57.8
975	1.625	58.5
976	1.732	56.8
977	1.406	38.7
978	1.293	36.0
979	1.141	5.0
980	1.767	48.2
981	1.939	55.2
982	1.353	52.1
983	1.156	30.9
984	2.020	45.8
985	1.496	44.9
986	1.144	23.7
987	1.121	3.7
988	1.901	60.2
989	1.291	44.0
990	1.558	52.9
991	1.206	16.1
992	1.171	26.5
993	1.232	27.1
994	1.986	52.7
995	1.117	17.6
996	1.541	47.2
997	1.502	55.5
998	1.130	30.0
999	1.126	14.5
1000	1.153	22.5
1001	1.860	56.3
1002	1.803	49.9
1003	1.373	41.0
1004	1.494	38.0
1005	1.181	4.6
1006	1.507	41.0
1007	1.260	33.6
1008	1.122	9.1
1009	1.536	55.3
1010	1.220	27.5
1011	1.209	24.4
1012	2.123	42.0
1013	1.093	1.8
1014	1.414	41.1
1015	1.790	57.4
1016	1.083	5.9
1017	1.454	39.1
1018	1.211	3.3
1019	1.342	44.9
1020	1.823	48.6
1021	1.201	13.5
1022	1.483	47.5
1023	1.253	30.0
1024	1.382	38.8
1025	1.030	25.5
1026	2.778	50.9
1027	1.326	28.0
1028	2.613	44.2
1029	1.408	34.6
1030	2.251	35.0
1031	1.113	4.0
1032	1.156	21.3
1033	1.040	7.8
1034	1.242	39.8
1035	1.222	24.8
1036	2.171	41.7
1037	2.022	49.4
1038	1.832	54.8
1039	1.317	20.3
1040	1.682	48.5
1041	1.123	20.5
1042	1.532	43.2
1043	1.089	2.8
1044	1.126	2.8
1045	1.339	28.7
1046	1.318	38.9
1047	1.148	12.3
1048	1.201	16.5
1049	1.845	56.0
1050	1.751	40.0
1051	1.055	14.9
1052	1.044	5.8
1053	1.840	59.6
1054	1.268	39.0
1055	1.817	50.5
1056	1.240	59.3
1057	1.256	38.2
1058	2.229	56.5
1059	1.321	29.6
1060	1.157	6.6
1061	1.921	59.6
1062	1.019	7.2
1063	1.152	14.3
1064	1.223	36.2
1065	1.234	40.5
1066	1.551	43.1
1067	1.182	11.6
1068	1.748	50.8
1069	1.952	56.6
1070	1.443	33.6
1071	1.141	13.6
1072	1.568	52.3
1073	2.108	48.9
1074	1.510	52.8
1075	1.191	14.8
1076	1.311	27.8
1077	1.243	28.3
1078	1.060	18.3
1079	1.277	27.0
1080	1.039	3.0
1081	1.587	47.7
1082	1.202	32.7
1083	1.712	55.8
1084	1.363	24.0
1085	1.653	57.3
1086	1.120	6.0
1087	1.133	17.4
1088	1.122	10.4
1089	1.069	43.9
1090	1.250	24.5
1091	1.659	53.7
1092	1.291	31.1
1093	1.295	48.7
1094	1.539	51.2
1095	2.117	54.7
1096	1.188	5.9
1097	1.094	0.7
1098	1.133	19.5
1099	1.153	10.4
1100	1.348	37.0
1101	1.505	29.5
1102	1.332	32.7
1103	1.240	17.2
1104	1.246	22.0
1105	1.800	56.4
1106	1.307	30.1
1107	2.887	40.4
1108	1.177	9.5
1109	1.461	33.1
1110	1.503	50.6
1111	1.151	14.0
1112	1.331	46.6
1113	1.176	21.2
1114	1.948	57.7
1115	1.307	34.6
1116	1.940	56.4
1117	1.074	9.1
1118	1.319	15.5
1119	1.250	42.3
1120	1.943	56.8
1121	2.155	44.8
1122	1.159	14.0
1123	1.644	50.3
1124	1.125	21.6
1125	1.288	33.4
1126	1.253	33.2
1127	1.113	8.7
1128	1.040	1.3
1129	1.300	26.0
1130	1.196	1.4
1131	1.701	47.6
1132	1.393	39.0
1133	1.493	34.0
1134	1.393	23.4
1135	1.655	47.2
1136	1.219	12.9
1137	1.383	40.9
1138	1.288	36.8
1139	1.400	33.8
1140	1.104	0.9
1141	1.140	10.7
1142	1.688	38.1
1143	1.966	55.3
1144	1.512	50.6
1145	1.179	11.7
1146	2.307	44.7
1147	1.162	29.3
1148	1.578	54.3
1149	1.360	48.3
1150	1.363	43.8
1151	1.092	5.1
1152	1.134	8.6
1153	1.154	10.8
1154	1.500	47.2
1155	1.123	12.7
1156	1.267	25.9
1157	1.166	24.4
1158	2.388	55.4
1159	1.190	17.7
1160	1.132	36.4
1161	2.312	57.2
1162	1.195	18.8
1163	1.621	50.3
1164	1.367	35.0
1165	1.388	38.9
1166	1.123	6.9
1167	1.121	7.7
1168	1.467	40.5
1169	1.075	10.9
1170	1.117	9.2
1171	1.092	21.8
1172	1.606	53.2
1173	1.309	37.2
1174	1.114	4.4
1175	1.281	42.0
1176	1.294	27.1
1177	1.462	36.5
1178	1.599	46.7
1179	1.267	36.2
1180	1.069	10.7
1181	1.955	61.1
1182	1.773	56.3
1183	1.135	1.0
1184	1.216	5.0
1185	2.210	48.6
1186	1.112	15.1
1187	1.416	51.1
1188	1.278	13.3
1189	1.137	3.8
1190	1.441	39.9
1191	1.159	1.6
1192	1.319	30.4
1193	1.097	14.1
1194	1.110	8.3
1195	1.068	11.1
1196	1.211	27.6
1197	1.213	35.8
1198	1.186	8.2
1199	1.406	46.5
1200	2.195	49.3
1201	1.262	17.3
1202	1.440	41.6
1203	1.140	10.4
1204	1.532	49.4
1205	2.048	60.0
1206	1.298	33.2
1207	1.275	34.2
1208	1.215	18.6
1209	1.570	43.9
1210	1.578	54.6
1211	1.897	44.6
1212	1.162	9.8
1213	1.433	43.2
1214	1.283	32.2
1215	1.223	35.8
1216	1.343	37.2
1217	1.670	45.0
1218	1.219	21.1
1219	1.163	7.8
1220	1.689	59.6
1221	2.035	48.8
1222	2.279	57.5
1223	2.080	57.9
1224	1.189	12.8
1225	1.165	1.4
1226	1.496	45.3
1227	1.096	10.5
1228	1.187	38.4
1229	1.148	15.3
1230	1.441	51.9
1231	2.082	42.0
1232	1.253	23.8
1233	1.458	35.8
1234	1.141	22.8
1235	1.091	10.7
1236	1.465	49.2
1237	1.425	53.7
1238	1.206	16.4
1239	1.174	16.7
1240	1.260	14.2
1241	1.571	48.8
1242	1.169	33.7
1243	1.266	28.6
1244	1.251	18.1
1245	1.879	59.1
1246	1.464	51.8
1247	2.186	44.7
1248	1.139	5.6
1249	1.197	14.9
1250	1.384	57.7
1251	1.225	28.7
1252	1.098	17.9
1253	1.548	56.7
1254	1.558	47.6
1255	1.394	31.2
1256	1.094	13.9
1257	1.337	9.4
1258	1.375	51.5
1259	1.106	14.4
1260	1.220	40.5
1261	1.272	30.3
1262	1.072	2.8
1263	1.396	32.7
1264	1.042	3.6
1265	1.112	2.7
1266	1.499	41.5
1267	1.678	56.0
1268	1.149	21.3
1269	1.176	24.0
1270	1.208	21.8
1271	1.234	37.4
1272	1.162	22.5
1273	1.467	42.2
1274	1.296	31.0
1275	1.435	54.5
1276	1.679	44.0
1277	2.304	51.7
1278	1.214	29.5
1279	1.795	49.0
1280	1.198	10.0
1281	1.380	52.2
1282	1.292	39.6
1283	1.200	33.1
1284	1.773	60.4
1285	1.203	21.7
1286	1.140	9.8
1287	1.532	46.5
1288	1.501	55.3
1289	1.832	60.1
1290	1.524	53.4
1291	1.226	28.7
1292	1.361	32.4
1293	1.121	10.6
1294	2.582	48.4
1295	1.555	49.1
1296	2.933	30.3
1297	1.221	25.3
1298	1.257	28.9
1299	2.154	45.5
1300	1.388	34.1
1301	1.563	51.9
1302	1.495	37.3
1303	1.206	47.4
1304	1.097	21.5
1305	1.667	51.1
1306	1.045	13.0
1307	2.124	58.4
1308	1.069	16.5
1309	1.883	56.5
1310	2.275	60.4
1311	1.223	22.9
1312	1.160	3.5
1313	1.599	56.9
1314	1.369	34.8
1315	1.105	19.6
1316	2.122	54.5
1317	1.340	49.4
1318	1.250	34.5
1319	1.119	14.4
1320	1.084	10.8
1321	1.549	47.9
1322	1.382	38.2
1323	1.928	43.3
1324	1.418	46.4
1325	1.178	3.0
1326	1.254	28.9
1327	1.341	40.9
1328	1.053	1.8
1329	2.680	39.9
1330	1.124	17.7
1331	1.695	39.8
1332	1.296	30.7
1333	1.148	25.0
1334	1.134	22.4
1335	1.276	28.5
1336	1.600	55.6
1337	1.338	31.7
1338	1.420	30.6
1339	1.191	31.4
1340	1.123	11.2
1341	1.126	15.4
1342	1.289	39.9
1343	1.142	15.5
1344	1.163	10.0
1345	1.294	46.8
1346	1.171	12.2
1347	1.146	6.4
1348	1.654	41.9
1349	1.148	18.0
1350	1.575	57.5
1351	1.624	45.2
1352	1.136	26.9
1353	1.134	6.7
1354	1.204	0.9
1355	1.198	31.5
1356	2.562	50.7
1357	1.887	49.3
1358	1.233	25.3
1359	1.388	37.6
1360	1.214	19.9
1361	1.167	6.2
1362	1.361	31.9
1363	1.242	37.9
1364	1.328	14.5
1365	1.301	35.1
1366	1.467	43.1
1367	1.058	7.3
1368	1.082	16.5
1369	1.061	12.4
1370	1.011	4.1
1371	1.526	39.9
1372	1.141	40.0
1373	1.301	31.3
1374	1.206	36.2
1375	1.929	55.8
1376	1.516	59.1
1377	1.147	20.6
1378	1.076	7.6
1379	1.098	3.4
1380	1.150	3.7
1381	1.348	38.6
1382	2.587	33.4
1383	1.309	25.6
1384	1.194	5.3
1385	1.260	30.7
1386	1.115	12.6
1387	1.504	50.9
1388	1.238	22.2
1389	1.093	25.1
1390	1.153	27.9
1391	1.166	30.3
1392	1.155	25.9
1393	1.462	40.2
1394	1.184	39.3
1395	1.200	2.6
1396	1.734	56.0
1397	2.340	45.1
1398	1.316	35.9
1399	1.592	42.2
1400	1.228	12.0
1401	1.047	6.4
1402	1.535	44.7
1403	1.487	30.1
1404	1.783	54.6
1405	1.626	53.2
1406	1.641	53.9
1407	1.719	42.0
1408	1.194	17.3
1409	1.594	55.7
1410	1.271	23.1
1411	1.342	41.8
1412	1.317	33.7
1413	1.463	46.0
1414	1.423	33.2
1415	1.433	51.5
1416	1.381	34.5
1417	1.462	37.2
1418	2.419	34.8
1419	1.350	37.5
1420	1.356	20.2
1421	1.248	41.7
1422	1.397	35.4
1423	1.095	12.9
1424	1.306	26.6
1425	1.345	49.7
1426	2.121	56.5
1427	1.198	16.0
1428	1.228	36.4
1429	1.165	8.0
1430	1.049	13.2
1431	1.505	46.1
1432	1.273	11.9
1433	1.101	8.4
1434	1.088	26.6
1435	2.072	51.1
1436	1.562	41.2
1437	1.113	16.6
1438	1.156	21.8
1439	1.640	52.6
1440	1.172	28.9
1441	1.770	56.0
1442	1.166	21.6
1443	1.132	6.5
1444	1.115	2.9
1445	1.251	19.4
1446	1.851	55.2
1447	2.355	37.3
1448	2.107	41.3
1449	1.121	1.6
1450	1.696	51.6
1451	1.483	36.5
1452	1.300	26.9
1453	1.213	20.7
1454	1.119	9.2
1455	1.109	11.2
1456	1.161	8.5
1457	1.334	26.4
1458	1.170	7.0
1459	1.592	46.6
1460	1.453	31.0
1461	1.499	34.9
1462	2.603	52.3
1463	1.995	52.0
1464	1.447	45.2
1465	1.376	39.1
1466	1.078	0.8
1467	1.144	4.0
1468	1.408	44.2
1469	1.043	12.0
1470	1.257	39.4
1471	1.295	29.4
1472	2.065	56.5
1473	1.326	33.1
1474	1.130	20.1
1475	1.658	62.1
1476	1.151	6.0
1477	1.785	55.4
1478	1.442	63.2
1479	2.000	51.6
1480	1.710	50.1
1481	1.174	11.1
1482	1.132	19.9
1483	1.404	41.0
1484	1.287	26.9
1485	1.481	42.5
1486	1.281	23.4
1487	1.301	34.5
1488	1.654	34.9
1489	1.155	14.9
1490	1.307	48.0
1491	1.766	58.5
1492	1.517	47.6
1493	1.396	47.0
1494	1.600	49.0
1495	1.525	55.7
1496	1.120	18.0
1497	1.299	34.0
1498	1.120	7.4
1499	1.778	59.2
1500	2.422	50.3
1501	1.450	47.2
1502	1.160	18.2
1503	1.168	11.0
1504	1.162	27.3
1505	2.063	54.6
1506	1.273	21.0
1507	1.250	22.5
1508	1.580	52.9
1509	1.295	38.7
1510	1.103	15.1
1511	1.071	1.5
1512	1.740	45.5
1513	1.311	25.7
1514	1.599	51.3
1515	1.195	34.4
1516	1.799	53.8
1517	1.226	17.3
1518	1.479	54.2
1519	2.142	55.1
1520	1.078	19.7
1521	1.161	29.4
1522	1.476	42.1
1523	1.572	58.5
1524	1.163	21.3
1525	1.169	29.4
1526	1.678	52.4
1527	1.208	31.3
1528	1.643	49.1
1529	1.082	9.0
1530	1.194	19.5
1531	1.135	20.9
1532	1.154	10.9
1533	1.875	59.1
1534	1.111	21.0
1535	1.224	15.4
1536	1.178	28.1
1537	1.390	47.9
1538	1.186	0.8
1539	1.165	5.4
1540	1.337	34.5
1541	1.371	30.9
1542	1.094	13.9
1543	1.743	39.5
1544	1.693	49.6
1545	1.513	47.1
1546	1.143	9.8
1547	1.676	48.4
1548	1.229	35.9
1549	1.274	28.4
1550	1.181	29.9
1551	1.135	9.1
1552	1.581	52.7
1553	1.229	5.0
1554	1.897	55.0
1555	1.533	47.4
1556	1.556	39.9
1557	1.425	50.6
1558	1.698	58.4
1559	1.237	31.0
1560	1.116	29.9
1561	1.309	25.5
1562	1.670	54.7
1563	1.789	52.0
1564	1.234	33.0
1565	1.994	45.1
1566	1.095	11.1
1567	1.089	20.5
1568	1.175	12.0
1569	1.138	3.8
1570	1.089	3.8
1571	1.044	7.0
1572	1.152	3.3
1573	1.218	24.3
1574	1.575	39.3
1575	1.162	5.3
1576	1.260	34.4
1577	1.146	10.1
1578	1.081	19.1
1579	1.420	39.1
1580	1.954	42.8
1581	1.149	27.9
1582	1.086	3.1
1583	1.236	22.5
1584	1.372	35.7
1585	1.345	40.7
1586	1.076	0.5
1587	1.198	28.7
1588	1.340	32.1
1589	2.249	41.0
1590	1.287	23.2
1591	1.224	21.2
1592	1.317	37.8
1593	1.091	3.5
1594	1.319	34.7
1595	1.308	37.9
1596	1.170	27.8
1597	1.168	10.3
1598	1.118	16.1
1599	1.358	25.8
1600	1.410	36.4
1601	1.695	50.8
1602	1.479	45.4
1603	1.082	0.8
1604	1.170	18.1
1605	1.177	18.9
1606	1.812	60.8
1607	1.323	28.0
1608	1.447	48.3
1609	1.192	34.1
1610	1.941	56.8
1611	1.426	40.1
1612	1.263	30.7
1613	1.325	28.7
1614	1.101	18.0
1615	1.408	39.4
1616	1.342	29.0
1617	1.479	47.8
1618	1.306	42.0
1619	1.577	55.0
1620	1.224	17.5
1621	1.319	22.9
1622	1.614	46.0
1623	1.507	49.6
1624	1.172	19.4
1625	2.347	50.5
1626	1.615	50.9
1627	1.130	2.3
1628	1.145	2.4
1629	1.204	14.8
1630	1.240	25.0
1631	2.406	60.2
1632	1.118	1.8
1633	1.622	59.6
1634	1.191	15.6
1635	1.172	20.6
1636	1.460	48.2
1637	2.074	55.3
1638	1.314	37.1
1639	1.187	20.1
1640	1.181	20.6
1641	2.443	34.2
1642	1.222	25.4
1643	1.127	11.2
1644	1.163	19.0
1645	1.245	36.4
1646	1.261	34.0
1647	1.710	53.3
1648	1.306	30.4
1649	1.486	48.8
1650	1.248	21.7
1651	1.122	4.8
1652	1.720	54.3
1653	1.132	13.3
1654	1.107	13.0
1655	1.219	28.1
1656	1.511	62.1
1657	1.833	53.1
1658	1.464	47.3
1659	1.219	5.7
1660	1.497	44.2
1661	1.243	17.1
1662	1.164	13.7
1663	1.605	36.2
1664	1.182	40.3
1665	2.090	52.2
1666	1.704	53.0
1667	1.214	4.2
1668	1.149	26.6
1669	1.731	55.5
1670	1.320	30.2
1671	1.122	11.1
1672	1.382	34.3
1673	1.616	53.6
1674	1.703	62.1
1675	2.727	44.2
1676	1.137	13.2
1677	1.125	24.6
1678	1.332	43.8
1679	1.656	49.2
1680	1.140	8.0
1681	1.168	5.5
1682	1.347	43.2
1683	1.922	51.4
1684	1.225	37.3
1685	1.106	8.3
1686	1.191	17.9
1687	1.807	51.6
1688	1.119	2.7
1689	1.131	8.4
1690	1.382	43.6
1691	1.514	48.5
1692	1.067	14.0
1693	1.418	50.0
1694	2.075	48.6
1695	1.516	55.9
1696	1.090	7.0
1697	1.248	20.2
1698	1.782	48.4
1699	1.263	22.2
1700	1.521	53.2
1701	1.570	39.9
1702	1.223	35.2
1703	1.160	11.0
1704	1.104	22.4
1705	1.138	3.7
1706	1.195	11.0
1707	1.258	31.4
1708	1.104	6.2
1709	1.083	14.9
1710	1.121	8.7
1711	1.680	60.7
1712	1.923	57.0
1713	1.252	37.3
1714	1.156	20.4
1715	1.095	8.8
1716	1.540	53.9
1717	1.083	13.7
1718	1.144	8.3
1719	1.123	2.1
1720	1.924	58.0
1721	1.493	41.2
1722	1.066	6.1
1723	1.881	50.3
1724	1.244	45.6
1725	1.169	9.6
1726	1.176	7.6
1727	1.398	32.8
1728	1.437	35.8
1729	1.358	28.0
1730	1.007	3.9
1731	1.371	23.2
1732	1.326	38.4
1733	1.076	11.8
1734	1.199	29.1
1735	2.173	57.9
1736	1.237	30.4
1737	1.622	63.1
1738	1.604	37.1
1739	1.383	48.5
1740	1.670	59.4
1741	1.315	34.2
1742	1.296	26.8
1743	1.104	21.4
1744	1.144	24.3
1745	1.080	10.2
1746	1.362	38.3
1747	1.366	28.7
1748	2.561	45.4
1749	1.539	49.3
1750	2.373	51.8
1751	1.095	17.7
1752	1.078	5.8
1753	1.077	25.5
1754	1.096	8.3
1755	1.226	23.8
1756	1.418	50.4
1757	1.540	44.4
1758	1.171	15.7
1759	1.428	56.6
1760	1.286	28.0
1761	1.128	29.3
1762	1.158	0.5
1763	1.629	53.1
1764	1.067	6.5
1765	1.096	1.0
1766	1.651	47.8
1767	1.293	26.5
1768	2.284	51.7
1769	1.470	48.1
1770	1.458	41.4
1771	1.382	40.3
1772	1.154	23.7
1773	1.214	28.0
1774	1.641	50.2
1775	1.419	47.0
1776	1.271	23.9
1777	1.123	9.7
1778	1.196	11.1
1779	2.934	33.5
1780	1.049	8.9
1781	1.140	25.6
1782	1.967	52.8
1783	1.252	21.6
1784	1.050	22.5
1785	1.257	20.0
1786	1.161	34.0
1787	1.171	19.7
1788	1.578	48.0
1789	1.233	24.1
1790	1.183	0.9
1791	1.466	42.7
1792	1.463	47.5
1793	1.076	15.2
1794	1.426	35.5
1795	1.111	17.7
1796	2.198	48.6
1797	1.159	18.5
1798	1.333	30.6
1799	1.134	11.0
1800	1.532	42.8
1801	1.345	32.2
1802	1.481	54.5
1803	1.181	11.2
1804	1.553	54.7
1805	1.144	5.0
1806	1.167	6.9
1807	1.766	53.6
1808	1.262	38.3
1809	1.517	44.6
1810	1.397	48.9
1811	2.059	57.1
1812	1.171	2.5
1813	1.748	52.3
1814	1.168	9.3
1815	1.122	13.9
1816	1.169	24.5
1817	1.100	3.4
1818	1.151	19.9
1819	1.192	17.7
1820	1.158	17.9
1821	2.571	50.1
1822	2.517	46.5
1823	1.161	17.8
1824	1.152	20.7
1825	1.754	49.2
1826	1.171	8.4
1827	1.122	13.2
1828	1.346	37.0
1829	1.390	41.5
1830	1.225	21.6
1831	1.348	46.0
1832	1.229	14.5
1833	1.055	6.7
1834	1.184	5.0
1835	1.155	28.7
1836	1.125	20.3
1837	1.119	33.4
1838	1.184	18.8
1839	1.313	37.6
1840	1.301	34.5
1841	1.439	46.0
1842	1.063	11.7
1843	1.465	32.6
1844	2.140	44.8
1845	1.199	30.2
1846	1.952	51.0
1847	1.127	11.0
1848	1.128	5.4
1849	1.303	23.4
1850	1.672	47.1
1851	1.140	31.6
1852	2.036	33.9
1853	1.354	48.5
1854	1.507	44.1
1855	1.376	41.0
1856	1.377	56.4
1857	1.645	52.7
1858	1.270	39.9
1859	1.081	15.5
1860	1.590	43.8
1861	1.946	47.3
1862	2.164	37.9
1863	1.438	47.7
1864	1.136	8.5
1865	1.219	8.1
1866	1.379	44.9
1867	1.109	23.7
1868	1.188	19.7
1869	1.218	26.9
1870	1.542	32.9
1871	1.279	31.4
1872	1.563	39.3
1873	1.235	36.6
1874	1.358	31.3
1875	1.456	48.8
1876	1.225	22.0
1877	2.204	50.4
1878	1.178	9.7
1879	1.190	23.4
1880	1.263	33.8
1881	1.133	11.6
1882	1.688	56.9
1883	1.139	19.8
1884	1.260	30.7
1885	1.427	36.6
1886	1.170	23.3
1887	1.604	56.0
1888	1.268	33.0
1889	1.135	0.3
1890	1.548	47.8
1891	1.268	27.2
1892	1.328	43.3
1893	2.123	58.7
1894	1.816	58.9
1895	1.593	44.4
1896	1.190	23.7
1897	2.184	56.9
1898	1.164	11.2
1899	1.168	19.9
1900	1.159	20.0
1901	1.427	44.3
1902	1.630	43.7
1903	1.168	7.4
1904	1.215	29.1
1905	1.144	3.6
1906	1.450	38.8
1907	1.379	41.2
1908	1.500	48.6
1909	1.183	35.8
1910	1.094	7.9
1911	1.953	53.5
1912	1.812	53.9
1913	1.211	12.4
1914	1.686	50.8
1915	1.188	22.6
1916	1.230	34.0
1917	1.226	24.5
1918	1.833	55.1
1919	1.096	8.4
1920	1.052	23.8
1921	1.414	46.3
1922	1.085	10.7
1923	1.536	39.0
1924	1.157	13.8
1925	1.143	0.0
1926	1.858	55.5
1927	1.139	24.9
1928	1.081	2.2
1929	1.479	46.1
1930	1.249	27.6
1931	1.501	49.4
1932	1.820	48.5
1933	1.357	46.2
1934	1.734	54.8
1935	1.087	2.8
1936	1.093	8.2
1937	1.969	51.2
1938	1.304	38.5
1939	1.828	61.4
1940	1.159	22.4
1941	1.328	48.8
1942	1.103	8.6
1943	1.177	37.1
1944	1.144	24.5
1945	1.618	46.6
1946	1.272	41.1
1947	1.105	26.0
1948	1.056	12.0
1949	1.190	23.5
1950	1.115	22.8
1951	1.520	51.0
1952	1.454	56.8
1953	1.373	52.8
1954	1.710	52.6
1955	2.195	52.0
1956	1.404	50.5
1957	1.428	49.6
1958	1.500	55.5
1959	1.244	15.2
1960	1.331	57.7
1961	2.050	44.5
1962	1.559	43.4
1963	1.515	51.9
1964	1.318	45.9
1965	1.210	24.2
1966	1.038	23.6
1967	1.011	5.2
1968	1.057	8.5
1969	2.434	45.2
1970	2.595	39.5
1971	1.130	32.2
1972	1.121	1.6
1973	1.386	51.4
1974	1.369	47.0
1975	1.114	7.7
1976	1.125	0.5
1977	1.196	13.5
1978	1.448	36.7
1979	1.199	14.4
1980	1.222	30.0
1981	1.493	42.8
1982	1.274	32.6
1983	1.179	19.8
1984	1.498	36.2
1985	1.160	11.5
1986	2.196	41.5
1987	1.610	52.8
1988	1.142	4.4
1989	1.096	14.9
1990	1.065	10.7
1991	1.541	43.9
1992	1.242	28.0
1993	1.322	23.6
1994	1.654	45.7
1995	1.096	30.6
1996	1.300	32.3
1997	1.107	12.7
1998	1.232	35.5
1999	1.372	49.8
2000	1.244	28.8
2001	1.508	53.4
2002	1.114	8.3
2003	1.244	8.0
2004	1.076	20.2
2005	1.275	30.1
2006	2.875	40.8
2007	1.268	28.5
2008	1.109	5.5
2009	1.196	14.5
2010	1.315	35.3
2011	1.946	58.8
2012	1.746	58.2
2013	1.307	51.1
2014	1.070	2.1
2015	1.331	32.4
2016	1.570	40.0
2017	1.285	37.0
2018	1.362	40.0
2019	1.507	49.8
2020	1.273	27.1
2021	1.462	51.1
2022	3.004	50.0
2023	1.209	23.9
2024	1.470	53.9
2025	1.262	28.1
2026	1.318	41.6
2027	1.160	31.0
2028	1.401	47.8
2029	1.162	23.3
2030	1.210	6.8
2031	1.153	14.8
2032	1.249	21.0
2033	1.115	0.5
2034	1.202	29.3
2035	1.584	57.8
2036	1.905	59.9
2037	1.304	29.8
2038	1.832	49.0
2039	1.180	29.8
2040	1.189	9.6
2041	1.166	1.0
2042	1.559	42.0
2043	1.547	48.8
2044	1.357	42.4
2045	1.261	32.5
2046	1.422	44.8
2047	1.262	21.5
2048	1.358	31.3
2049	1.132	3.6
2050	1.667	40.7
2051	1.314	28.8
2052	1.096	1.4
2053	2.203	47.5
2054	1.506	36.1
2055	1.265	52.3
2056	1.501	32.3
2057	1.380	48.3
2058	1.543	55.4
2059	1.258	19.2
2060	1.079	14.4
2061	1.161	26.2
2062	1.116	0.8
2063	1.374	38.3
2064	1.400	51.1
2065	1.142	16.1
2066	1.235	30.9
2067	1.024	9.9
2068	1.387	41.9
2069	1.390	38.6
2070	1.208	20.5
2071	1.482	35.3
2072	1.092	23.2
2073	1.471	45.1
2074	1.346	37.1
2075	1.316	34.4
2076	1.118	3.5
2077	1.852	49.4
2078	1.748	46.6
2079	2.417	46.8
2080	1.846	55.1
2081	1.131	24.0
2082	1.869	49.3
2083	1.142	14.4
2084	1.198	16.6
2085	1.120	55.8
2086	1.781	54.1
2087	1.324	38.2
2088	1.260	40.6
2089	1.352	46.9
2090	1.671	52.4
2091	1.392	31.6
2092	1.487	50.2
2093	1.162	1.1
2094	1.358	53.8
2095	1.176	19.9
2096	2.346	40.1
2097	1.677	51.6
2098	2.424	38.9
2099	1.132	7.3
2100	1.802	58.6
2101	2.235	51.2
2102	1.665	51.5
2103	2.071	59.6
2104	1.497	46.9
2105	1.554	38.8
2106	1.706	47.6
2107	1.347	43.9
2108	1.044	2.0
2109	1.445	58.4
2110	1.660	51.1
2111	1.356	46.6
2112	1.407	37.8
2113	2.197	57.5
2114	1.185	11.2
2115	1.603	62.3
2116	2.045	53.8
2117	1.123	3.9
2118	1.027	5.5
2119	1.337	44.3
2120	1.799	57.2
2121	1.115	18.0
2122	1.808	59.4
2123	1.481	33.9
2124	1.361	32.1
2125	1.287	44.2
2126	1.133	7.4
2127	1.450	35.5
2128	1.384	46.5
2129	1.176	30.2
2130	1.206	6.0
2131	1.071	20.6
2132	1.146	18.7
2133	1.654	47.5
2134	1.561	44.9
2135	1.153	15.3
2136	1.405	19.6
2137	1.073	4.8
2138	1.151	16.4
2139	1.058	4.9
2140	2.076	56.7
2141	1.192	31.0
2142	1.980	57.6
2143	1.128	3.1
2144	1.096	25.7
2145	1.473	44.1
2146	1.125	13.9
2147	1.291	37.7
2148	1.101	3.3
2149	1.354	34.2
2150	1.241	24.2
2151	1.537	41.1
2152	1.233	25.4
2153	1.098	13.9
2154	1.406	40.2
2155	1.216	34.2
2156	1.264	37.8
2157	1.030	1.1
2158	1.287	38.9
2159	1.795	60.2
2160	1.171	10.9
2161	1.089	5.9
2162	1.686	44.3
2163	1.178	15.9
2164	1.597	48.9
2165	2.277	58.4
2166	1.075	14.0
2167	1.280	47.3
2168	1.089	19.7
2169	1.090	13.0
2170	1.608	49.6
2171	1.479	43.7
2172	1.381	46.0
2173	1.025	9.5
2174	1.419	43.6
2175	1.355	47.9
2176	1.624	55.9
2177	1.115	16.5
2178	1.460	51.0
2179	1.379	48.8
2180	1.309	37.0
2181	1.192	34.1
2182	1.315	28.4
2183	1.145	17.9
2184	1.485	45.5
2185	1.165	4.7
2186	1.076	16.1
2187	1.214	28.1
2188	1.403	36.2
2189	1.403	48.0
2190	1.705	64.3
2191	1.108	4.8
2192	1.033	11.5
2193	1.399	53.7
2194	1.144	19.1
2195	1.357	28.2
2196	1.263	30.6
2197	1.366	35.4
2198	1.124	6.8
2199	1.204	15.0
2200	1.188	5.2
2201	1.332	53.6
2202	1.339	36.5
2203	1.930	56.3
2204	1.391	36.9
2205	1.161	36.6
2206	1.493	49.4
2207	1.311	24.9
2208	1.463	52.8
2209	2.013	57.9
2210	1.387	31.8
2211	1.174	15.3
2212	1.547	46.4
2213	1.867	57.8
2214	1.125	0.1
2215	2.113	53.2
2216	1.135	7.7
2217	1.172	29.5
2218	1.631	45.8
2219	1.117	3.0
2220	1.095	13.0
2221	1.362	38.3
2222	1.245	37.7
2223	1.973	50.2
2224	2.026	56.7
2225	1.198	35.2
2226	1.535	53.6
2227	2.116	51.8
2228	1.217	7.0
2229	1.301	44.5
2230	1.580	53.4
2231	1.221	23.9
2232	1.143	8.2
2233	2.479	47.1
2234	2.056	63.3
2235	1.160	17.2
2236	1.322	54.8
2237	1.973	53.1
2238	1.695	51.7
2239	1.142	24.4
2240	1.146	14.5
2241	1.430	41.1
2242	1.298	44.8
2243	1.221	21.1
2244	1.151	2.9
2245	1.385	38.1
2246	1.618	51.4
2247	1.236	2.9
2248	1.540	48.5
2249	1.040	5.3
2250	1.198	6.8
2251	2.093	46.6
2252	2.210	55.9
2253	1.120	2.6
2254	1.918	59.4
2255	1.655	52.5
2256	1.078	1.0
2257	1.251	42.3
2258	1.191	12.4
2259	1.422	49.5
2260	1.201	10.0
2261	1.167	24.2
2262	1.167	21.2
2263	1.136	13.8
2264	1.190	24.2
2265	1.625	61.0
2266	1.644	57.8
2267	1.912	54.9
2268	1.077	9.6
2269	1.301	26.2
2270	1.967	53.0
2271	1.821	61.5
2272	1.285	38.4
2273	1.687	51.4
2274	1.185	12.4
2275	1.597	58.4
2276	2.080	58.9
2277	1.714	50.7
2278	1.341	27.8
2279	1.112	1.7
2280	2.258	47.1
2281	1.123	18.2
2282	1.179	27.7
2283	1.623	55.0
2284	1.518	44.8
2285	1.355	43.5
2286	2.718	37.8
2287	1.270	38.9
2288	2.153	57.3
2289	1.174	3.6
2290	1.770	56.1
2291	1.042	14.2
2292	1.235	32.4
2293	1.289	42.9
2294	1.713	52.5
2295	1.422	29.5
2296	1.225	2.4
2297	1.170	25.1
2298	1.027	7.8
2299	1.104	2.6
2300	1.127	9.2
2301	1.982	56.6
2302	2.486	48.1
2303	1.201	32.7
2304	1.591	57.4
2305	1.222	16.6
2306	1.543	59.0
2307	1.222	6.0
2308	1.306	41.0
2309	1.514	46.2
2310	1.786	57.1
2311	1.160	26.7
2312	1.097	14.1
2313	1.417	49.6
2314	1.176	8.1
2315	3.109	40.3
2316	1.128	18.8
2317	2.538	49.9
2318	1.397	50.8
2319	1.148	22.6
2320	1.204	33.0
2321	1.147	7.9
2322	1.288	22.2
2323	1.480	53.9
2324	1.187	18.8
2325	1.436	54.5
2326	1.356	26.9
2327	1.221	30.5
2328	1.388	44.5
2329	2.394	58.4
2330	1.930	52.4
2331	1.789	54.8
2332	2.598	44.8
2333	1.334	46.9
2334	1.132	23.7
2335	1.358	40.5
2336	1.933	54.7
2337	1.523	44.3
2338	1.297	34.7
2339	1.262	43.7
2340	2.313	48.6
2341	1.139	5.4
2342	1.455	29.8
2343	1.104	14.0
2344	1.131	2.3
2345	1.189	30.2
2346	1.188	28.7
2347	1.087	7.5
2348	1.160	13.3
2349	1.503	52.2
2350	1.217	33.2
2351	1.751	53.9
2352	1.493	40.9
2353	1.419	32.0
2354	1.457	44.7
2355	1.164	3.9
2356	1.085	6.4
2357	1.168	32.1
2358	1.200	17.9
2359	1.258	13.8
2360	1.144	8.9
2361	1.123	31.9
2362	1.075	16.2
2363	1.436	54.6
2364	1.364	43.9
2365	1.698	54.3
2366	1.214	21.5
2367	1.215	8.5
2368	1.086	22.7
2369	1.838	56.1
2370	1.184	10.2
2371	1.546	49.2
2372	1.137	9.8
2373	1.591	43.0
2374	1.298	28.6
2375	1.151	18.2
2376	2.902	44.6
2377	1.159	2.7
2378	1.525	35.3
2379	1.877	57.5
2380	1.162	29.5
2381	1.302	35.0
2382	1.165	20.9
2383	1.892	54.1
2384	1.136	1.2
2385	1.735	51.3
2386	1.201	32.2
2387	1.132	7.5
2388	1.207	27.7
2389	1.167	22.2
2390	1.597	42.6
2391	1.103	4.7
2392	1.201	7.6
2393	1.413	40.5
2394	1.075	9.1
2395	1.393	35.9
2396	1.113	4.2
2397	1.169	41.9
2398	1.054	20.7
2399	1.537	55.5
2400	1.598	34.8
2401	1.090	2.3
2402	1.411	43.2
2403	1.226	2.4
2404	1.290	34.6
2405	1.203	5.8
2406	1.530	53.7
2407	2.014	48.0
2408	2.051	57.5
2409	1.150	38.0
2410	1.210	30.4
2411	1.276	43.4
2412	1.401	38.3
2413	1.528	47.4
2414	1.145	9.8
2415	1.276	16.7
2416	1.141	11.1
2417	1.715	48.7
2418	1.299	34.1
2419	1.594	55.5
2420	1.120	11.1
2421	1.360	43.8
2422	1.546	40.8
2423	1.297	30.7
2424	1.239	19.8
2425	1.112	7.7
2426	1.229	18.4
2427	1.373	31.4
2428	1.552	58.8
2429	1.168	2.2
2430	1.589	50.9
2431	1.537	46.0
2432	2.347	52.1
2433	1.336	47.2
2434	1.591	57.7
2435	1.476	35.0
2436	1.228	40.3
2437	1.716	50.3
2438	1.268	40.5
2439	1.349	23.1
2440	1.236	26.1
2441	1.262	28.9
2442	1.641	58.6
2443	1.164	17.2
2444	1.562	52.3
2445	1.113	3.8
2446	1.195	4.1
2447	1.078	0.4
2448	1.157	25.1
2449	1.720	51.6
2450	1.206	33.1
2451	1.281	25.3
2452	1.171	13.8
2453	1.194	25.0
2454	1.335	38.4
2455	1.354	23.4
2456	1.155	2.3
2457	1.516	41.9
2458	1.723	49.6
2459	1.248	19.3
2460	1.391	35.2
2461	1.442	40.0
2462	1.087	0.2
2463	1.576	46.6
2464	1.216	7.1
2465	1.146	7.0
2466	1.246	40.1
2467	2.669	49.3
2468	1.189	11.6
2469	1.252	22.3
2470	1.697	56.6
2471	1.293	27.6
2472	1.297	32.5
2473	1.294	42.6
2474	1.209	8.4
2475	1.632	46.1
2476	1.561	47.0
2477	1.151	9.0
2478	1.187	14.5
2479	1.379	42.5
2480	1.533	41.7
2481	1.452	44.7
2482	1.123	2.6
2483	1.312	27.3
2484	1.114	9.5
2485	1.222	34.5
2486	1.993	56.9
2487	1.360	35.4
2488	1.687	52.2
2489	1.097	6.9
2490	2.017	49.3
2491	1.154	21.7
2492	1.787	54.4
2493	1.154	4.2
2494	1.400	42.4
2495	1.153	25.7
2496	1.326	46.6
2497	1.403	51.4
2498	2.139	50.8
2499	1.093	0.0
2500	1.119	5.7
2501	1.094	7.3
2502	1.642	46.6
2503	1.147	7.8
2504	1.092	30.4
2505	1.274	21.7
2506	1.571	43.6
2507	1.246	30.5
2508	1.352	34.2
2509	1.554	42.4
2510	1.241	38.2
2511	1.840	48.3
2512	2.952	40.4
2513	1.254	27.8
2514	1.287	42.0
2515	1.288	30.0
2516	1.891	57.3
2517	1.476	43.6
2518	1.283	16.5
2519	1.214	28.6
2520	1.114	2.5
2521	1.267	43.7
2522	1.193	11.8
2523	1.253	34.7
2524	1.065	18.2
2525	1.215	37.8
2526	1.086	16.1
2527	1.198	3.4
2528	1.234	22.3
2529	1.076	12.0
2530	1.194	20.3
2531	1.071	31.6
2532	1.468	50.3
2533	1.217	36.6
2534	1.486	48.9
2535	1.330	24.2
2536	2.123	57.3
2537	2.019	46.9
2538	1.435	39.4
2539	1.223	25.9
2540	1.195	15.9
2541	1.200	32.0
2542	1.672	46.7
2543	1.408	41.3
2544	1.039	27.0
2545	1.818	53.6
2546	1.382	51.8
2547	1.335	38.1
2548	1.028	55.9
2549	1.303	31.7
2550	1.258	38.0
2551	1.320	28.0
2552	1.113	3.4
2553	1.259	19.2
2554	1.248	31.3
2555	1.660	52.4
2556	1.098	22.5
2557	1.167	15.5
2558	2.229	51.0
2559	1.242	35.1
2560	1.343	45.4
2561	1.375	38.8
2562	1.180	34.7
2563	1.331	24.7
2564	1.920	53.0
2565	1.359	36.1
2566	1.706	53.2
2567	1.576	55.5
2568	1.294	31.7
2569	1.126	11.6
2570	1.462	35.3
2571	2.116	52.0
2572	1.892	59.7
2573	1.241	13.4
2574	1.250	24.0
2575	1.220	25.0
2576	1.328	36.4
2577	1.154	16.5
2578	2.587	51.3
2579	1.421	35.6
2580	1.461	50.9
2581	1.340	24.9
2582	1.226	14.0
2583	1.375	43.2
2584	1.201	19.2
2585	1.106	1.7
2586	1.358	34.8
2587	1.196	22.5
2588	1.175	23.5
2589	1.247	22.2
2590	1.170	21.6
2591	1.147	12.7
2592	1.164	15.4
2593	1.087	1.7
2594	1.213	12.1
2595	1.130	8.3
2596	1.983	56.3
2597	2.007	52.8
2598	1.767	62.3
2599	1.213	10.0
2600	1.327	38.4
2601	1.146	12.6
2602	1.658	54.7
2603	1.058	10.1
2604	1.465	63.2
2605	1.069	4.8
2606	1.446	39.9
2607	1.714	58.4
2608	1.313	29.7
2609	1.300	30.6
2610	1.200	9.2
2611	1.467	41.6
2612	1.328	23.2
2613	2.622	40.0
2614	1.196	16.8
2615	3.044	36.7
2616	1.073	21.3
2617	2.148	49.8
2618	1.478	40.9
2619	1.154	16.6
2620	1.268	24.4
2621	1.221	21.8
2622	1.634	37.5
2623	2.148	50.6
2624	1.474	55.2
2625	1.084	10.8
2626	1.165	18.3
2627	1.120	6.2
2628	1.485	61.1
2629	2.017	57.5
2630	1.109	10.8
2631	1.249	23.3
2632	1.441	31.5
2633	2.166	60.0
2634	1.416	37.1
2635	1.240	21.0
2636	1.664	57.9
2637	1.353	43.2
2638	1.916	55.7
2639	1.182	24.5
2640	1.181	30.1
2641	2.441	50.2
2642	1.463	50.2
2643	1.308	30.9
2644	1.105	3.3
2645	1.327	34.7
2646	1.132	13.7
2647	1.125	14.4
2648	1.154	9.4
2649	1.111	3.3
2650	1.316	34.4
2651	1.781	57.2
2652	1.604	55.2
2653	1.174	14.4
2654	2.223	52.5
2655	1.190	31.3
2656	1.789	56.4
2657	1.635	53.8
2658	1.071	4.1
2659	1.309	34.4
2660	1.268	21.1
2661	2.273	50.2
2662	1.544	56.4
2663	1.998	54.9
2664	0.997	15.7
2665	1.303	35.4
2666	1.215	30.6
2667	1.755	58.7
2668	1.329	27.9
2669	1.452	42.1
2670	1.387	35.2
2671	1.566	37.0
2672	1.798	57.2
2673	1.425	30.5
2674	1.348	34.6
2675	1.135	10.3
2676	1.284	34.2
2677	2.563	36.6
2678	1.379	42.4
2679	1.030	10.4
2680	1.186	32.0
2681	1.128	22.5
2682	1.260	25.4
2683	1.203	9.0
2684	1.173	12.8
2685	1.596	48.7
2686	1.669	55.4
2687	1.111	2.3
2688	1.173	25.1
2689	1.151	11.6
2690	1.448	37.6
2691	1.154	16.7
2692	1.321	31.3
2693	1.544	42.2
2694	1.285	28.6
2695	2.334	51.4
2696	1.738	61.5
2697	1.142	0.4
2698	1.155	17.6
2699	1.070	15.5
2700	1.822	56.5
2701	1.256	36.6
2702	1.732	47.2
2703	1.139	6.7
2704	1.327	47.4
2705	3.192	29.5
2706	1.578	46.4
2707	1.048	8.0
2708	2.462	56.9
2709	1.452	51.7
2710	1.111	2.2
2711	1.148	26.1
2712	1.115	0.9
2713	1.337	22.8
2714	1.125	8.8
2715	1.730	53.0
2716	1.348	34.9
2717	1.238	49.0
2718	1.221	33.6
2719	1.921	59.7
2720	1.107	19.4
2721	1.071	41.6
2722	1.147	22.8
2723	1.345	30.1
2724	1.738	56.3
2725	1.087	2.7
2726	1.263	39.2
2727	3.391	45.6
2728	1.388	33.7
2729	1.845	59.7
2730	1.518	44.0
2731	1.296	37.1
2732	1.337	35.0
2733	1.282	36.1
2734	1.394	43.3
2735	1.454	47.6
2736	1.382	36.7
2737	2.233	59.5
2738	1.837	42.1
2739	1.094	23.8
2740	1.674	50.7
2741	1.154	19.9
2742	1.816	52.5
2743	1.458	30.5
2744	1.656	56.2
2745	1.738	50.0
2746	1.102	16.6
2747	1.263	18.4
2748	1.285	32.4
2749	1.442	52.3
2750	1.190	33.5
2751	1.350	21.8
2752	1.465	42.2
2753	1.197	27.7
2754	1.112	25.8
2755	1.136	5.9
2756	1.187	39.1
2757	1.745	55.5
2758	1.807	57.1
2759	1.375	50.3
2760	1.171	26.6
2761	1.299	37.3
2762	1.442	37.7
2763	1.923	58.9
2764	1.387	33.6
2765	1.169	7.8
2766	2.336	35.9
2767	1.300	30.3
2768	1.108	2.0
2769	1.330	47.3
2770	1.222	25.0
2771	1.314	54.5
2772	1.261	37.5
2773	1.151	18.4
2774	2.105	54.1
2775	1.368	39.7
2776	1.981	52.4
2777	1.213	7.7
2778	2.239	55.9
2779	1.969	55.6
2780	1.422	43.8
2781	1.189	5.8
2782	1.192	19.0
2783	1.375	42.9
2784	1.306	36.4
2785	1.104	12.0
2786	1.083	23.6
2787	1.198	24.6
2788	1.440	44.1
2789	1.614	59.8
2790	1.253	25.4
2791	1.311	20.0
2792	1.095	4.9
2793	1.913	49.1
2794	1.593	46.9
2795	1.150	4.2
2796	1.381	34.6
2797	1.310	39.5
2798	1.442	48.4
2799	1.119	19.4
2800	1.109	23.8
2801	1.475	46.1
2802	1.819	58.1
2803	1.326	36.5
2804	2.150	51.3
2805	1.076	9.1
2806	1.124	16.5
2807	1.220	22.3
2808	1.101	22.7
2809	2.155	56.4
2810	1.100	18.3
2811	1.083	6.2
2812	1.080	7.2
2813	1.187	32.5
2814	1.175	11.5
2815	1.201	4.8
2816	1.178	7.2
2817	1.467	45.7
2818	1.812	57.9
2819	1.174	1.9
2820	2.909	49.1
2821	1.172	4.7
2822	1.108	2.5
2823	1.112	11.4
2824	1.136	9.8
2825	1.298	24.8
2826	1.215	39.1
2827	1.154	12.2
2828	2.226	53.9
2829	1.514	47.5
2830	1.890	61.9
2831	1.243	30.5
2832	2.458	48.1
2833	1.232	26.7
2834	1.399	47.1
2835	1.132	23.1
2836	1.051	18.0
2837	1.093	16.7
2838	1.128	1.4
2839	1.119	14.3
2840	1.136	18.6
2841	2.352	56.0
2842	1.471	43.4
2843	1.126	28.9
2844	1.143	10.7
2845	1.099	14.5
2846	1.079	1.5
2847	1.152	12.8
2848	1.102	4.0
2849	1.473	34.9
2850	1.360	61.0
2851	1.607	45.7
2852	1.072	0.0
2853	1.284	43.2
2854	1.139	18.5
2855	1.185	34.1
2856	1.112	9.1
2857	2.434	54.8
2858	1.164	5.9
2859	2.418	47.2
2860	1.176	17.3
2861	1.177	1.8
2862	1.197	31.7
2863	1.993	58.2
2864	1.184	49.7
2865	1.454	45.7
2866	1.686	55.0
2867	1.213	18.7
2868	1.332	31.7
2869	1.348	33.0
2870	1.339	19.8
2871	1.912	56.9
2872	1.215	18.5
2873	1.306	33.6
2874	1.673	65.2
2875	1.206	28.1
2876	1.238	15.2
2877	1.576	43.8
2878	2.139	55.3
2879	1.543	42.7
2880	2.019	50.2
2881	1.390	30.1
2882	1.300	47.5
2883	1.743	60.4
2884	1.465	44.8
2885	1.151	21.3
2886	1.364	46.5
2887	1.062	11.3
2888	1.368	44.2
2889	1.195	31.0
2890	1.182	10.6
2891	1.135	18.9
2892	1.205	22.2
2893	1.449	45.3
2894	1.194	9.1
2895	1.217	32.6
2896	1.383	47.4
2897	1.025	2.2
2898	1.134	15.8
2899	1.131	3.7
2900	1.115	18.5
2901	1.207	9.6
2902	1.734	55.9
2903	1.646	62.6
2904	1.176	34.9
2905	1.163	9.9
2906	1.102	4.7
2907	1.031	14.1
2908	1.507	48.5
2909	1.181	18.1
2910	1.134	16.0
2911	1.068	15.0
2912	1.183	11.9
2913	1.092	15.5
2914	2.402	47.5
2915	1.372	45.9
2916	1.125	22.7
2917	1.394	31.5
2918	1.076	6.6
2919	1.350	41.4
2920	2.307	46.9
2921	1.151	19.5
2922	1.557	49.3
2923	1.204	25.6
2924	1.688	45.7
2925	1.190	27.4
2926	1.465	36.6
2927	1.224	10.6
2928	1.171	24.3
2929	1.658	64.2
2930	1.631	56.4
2931	2.022	57.8
2932	1.417	45.2
2933	1.198	27.2
2934	1.604	55.5
2935	1.139	9.5
2936	1.086	10.2
2937	1.190	26.1
2938	1.838	54.8
2939	1.148	29.4
2940	1.172	9.8
2941	1.943	53.5
2942	1.159	20.5
2943	1.369	32.8
2944	1.207	18.2
2945	1.310	37.6
2946	1.284	10.3
2947	1.774	56.3
2948	1.667	37.3
2949	1.118	8.7
2950	1.168	30.8
2951	1.163	14.6
2952	1.333	34.4
2953	1.586	52.9
2954	1.697	53.7
2955	1.038	18.5
2956	1.231	28.6
2957	2.587	45.1
2958	1.113	7.0
2959	1.522	41.3
2960	1.266	41.5
2961	1.261	15.9
2962	1.629	53.4
2963	1.117	56.0
2964	1.417	30.1
2965	1.652	45.5
2966	1.239	35.7
2967	1.423	52.7
2968	1.177	6.8
2969	1.134	19.1
2970	1.199	23.8
2971	1.351	40.2
2972	1.151	29.3
2973	1.114	5.4
2974	2.631	41.4
2975	1.176	40.3
2976	1.276	44.2
2977	1.570	35.9
2978	1.104	5.7
2979	1.198	6.3
2980	1.204	19.6
2981	1.248	42.0
2982	1.290	32.7
2983	1.052	23.2
2984	1.147	12.0
2985	1.252	13.8
2986	1.123	23.0
2987	1.165	30.6
2988	1.611	55.5
2989	1.876	55.0
2990	1.827	53.7
2991	1.186	11.8
2992	1.458	40.7
2993	1.439	50.2
2994	1.254	24.0
2995	1.175	0.0
2996	2.054	61.3
2997	1.058	5.8
2998	1.436	45.6
2999	1.779	52.2
3000	1.290	30.3
3001	1.158	12.2
3002	1.181	30.7
3003	1.253	37.3
3004	1.186	39.6
3005	2.221	46.4
3006	2.446	47.1
3007	1.091	5.6
3008	1.911	55.7
3009	1.214	32.6
3010	1.071	5.9
3011	1.205	28.1
3012	1.227	18.5
3013	1.156	3.8
3014	1.182	43.4
3015	2.127	56.0
3016	1.474	48.3
3017	1.816	43.8
3018	1.258	39.5
3019	1.135	40.3
3020	1.354	32.5
3021	1.371	46.8
3022	1.135	9.5
3023	1.139	18.1
3024	1.069	9.4
3025	1.042	0.2
3026	1.648	48.8
3027	1.323	24.2
3028	2.035	50.4
3029	1.438	28.8
3030	1.537	56.2
3031	1.627	54.8
3032	1.609	38.4
3033	1.468	47.3
3034	1.363	41.9
3035	1.200	15.2
3036	1.658	53.6
3037	1.109	23.3
3038	1.132	20.6
3039	1.348	51.1
3040	1.579	52.7
3041	2.297	50.7
3042	2.035	57.2
3043	1.751	48.1
3044	1.081	1.1
3045	2.149	44.0
3046	1.104	11.3
3047	1.164	32.9
3048	1.193	24.7
3049	1.146	35.8
3050	1.871	52.6
3051	1.734	54.2
3052	1.422	44.7
3053	1.049	1.7
3054	2.263	52.3
3055	1.259	35.7
3056	1.179	12.0
3057	1.321	28.1
3058	2.045	45.4
3059	1.278	29.5
3060	1.127	11.1
3061	2.494	43.3
3062	1.606	40.8
3063	2.693	41.7
3064	1.158	0.0
3065	1.095	8.1
3066	1.930	59.7
3067	1.404	35.1
3068	1.143	1.6
3069	1.270	47.1
3070	1.111	12.5
3071	1.109	4.3
3072	1.442	29.8
3073	2.119	51.7
3074	1.427	51.3
3075	1.093	7.4
3076	1.560	50.2
3077	1.178	10.6
3078	1.227	26.5
3079	1.113	11.9
3080	1.120	7.1
3081	1.630	51.1
3082	1.649	38.7
3083	1.171	2.5
3084	1.385	48.6
3085	1.172	33.9
3086	1.366	27.6
3087	1.107	12.4
3088	1.134	9.8
3089	1.823	56.0
3090	1.264	38.9
3091	1.211	11.8
3092	1.601	47.0
3093	2.094	55.2
3094	2.066	57.0
3095	1.518	44.8
3096	1.266	31.5
3097	1.837	46.4
3098	1.154	0.4
3099	1.136	12.4
3100	1.962	60.6
3101	1.987	57.0
3102	1.896	59.0
3103	1.061	6.3
3104	1.882	55.3
3105	1.113	14.9
3106	1.474	40.5
3107	1.380	52.4
3108	1.571	60.8
3109	1.316	24.4
3110	1.114	7.3
3111	1.187	19.6
3112	1.282	29.0
3113	1.323	32.5
3114	1.109	38.7
3115	2.136	48.2
3116	2.398	46.6
3117	1.564	40.7
3118	1.452	48.0
3119	1.090	12.1
3120	1.625	61.7
3121	1.196	16.1
3122	1.103	21.8
3123	1.082	2.2
3124	1.279	26.8
3125	1.234	14.5
3126	1.204	16.1
3127	1.323	37.1
3128	1.270	39.4
3129	1.088	9.5
3130	1.155	10.4
3131	1.640	44.4
3132	2.536	48.7
3133	1.289	33.8
3134	1.440	55.4
3135	1.286	16.9
3136	1.166	5.4
3137	1.317	21.8
3138	1.099	1.3
3139	1.225	17.8
3140	1.332	39.3
3141	1.531	33.7
3142	1.165	9.2
3143	1.255	36.8
3144	1.232	41.0
3145	1.386	54.1
3146	1.308	47.6
3147	1.321	40.5
3148	1.156	14.1
3149	1.152	11.6
3150	2.131	50.9
3151	1.288	37.8
3152	1.601	56.3
3153	1.072	15.3
3154	1.796	48.3
3155	1.080	0.8
3156	1.351	35.8
3157	1.498	54.4
3158	1.160	10.5
3159	1.424	47.8
3160	1.684	48.3
3161	1.072	5.2
3162	1.866	53.4
3163	1.387	36.3
3164	1.058	5.0
3165	1.221	24.9
3166	2.586	55.9
3167	1.225	32.9
3168	1.052	3.9
3169	1.545	47.6
3170	1.201	28.8
3171	2.776	43.5
3172	1.224	37.2
3173	1.174	19.9
3174	1.337	49.5
3175	1.096	0.8
3176	1.538	44.0
3177	1.511	52.5
3178	1.299	33.3
3179	1.204	29.9
3180	1.277	32.1
3181	1.331	37.3
3182	1.228	25.3
3183	1.476	41.3
3184	1.213	1.6
3185	1.441	50.1
3186	1.388	46.1
3187	1.632	41.6
3188	1.584	57.4
3189	1.450	46.0
3190	1.217	14.7
3191	1.168	24.7
3192	1.126	29.1
3193	1.595	40.2
3194	1.963	57.2
3195	1.257	24.7
3196	1.107	2.9
3197	1.072	12.3
3198	1.478	61.0
3199	1.453	55.0
3200	1.648	48.9
3201	1.354	36.2
3202	1.295	38.7
3203	1.331	28.9
3204	1.729	53.8
3205	1.784	51.8
3206	1.197	11.7
3207	1.547	60.0
3208	1.229	24.3
3209	1.382	47.6
3210	1.322	36.5
3211	1.375	32.0
3212	1.126	4.2
3213	2.203	48.7
3214	1.390	25.8
3215	1.105	5.9
3216	1.208	31.1
3217	1.260	45.8
3218	1.151	4.5
3219	1.301	39.9
3220	1.191	4.0
3221	1.076	4.5
3222	1.305	37.9
3223	1.556	43.9
3224	2.116	62.5
3225	2.545	51.2
3226	1.945	48.6
3227	1.195	13.9
3228	1.230	11.3
3229	1.130	32.1
3230	1.414	25.8
3231	1.118	17.0
3232	1.252	40.5
3233	1.100	5.1
3234	1.213	30.0
3235	1.292	47.8
3236	1.256	23.4
3237	1.035	2.0
3238	1.115	34.9
3239	1.424	47.7
3240	1.077	2.9
3241	1.674	54.9
3242	1.786	59.8
3243	1.738	44.5
3244	1.231	26.9
3245	1.059	16.1
3246	1.576	47.6
3247	1.053	6.4
3248	1.589	55.7
3249	1.138	12.5
3250	1.456	49.7
3251	1.167	21.0
3252	2.678	40.3
3253	1.716	48.0
3254	1.595	55.1
3255	1.086	1.1
3256	1.138	8.4
3257	1.259	26.0
3258	2.027	58.4
3259	1.230	7.3
3260	1.951	53.2
3261	1.372	41.1
3262	1.095	2.4
3263	1.213	30.1
3264	1.296	38.5
3265	1.203	28.5
3266	1.236	29.4
3267	1.140	19.0
3268	1.208	26.6
3269	1.219	37.8
3270	1.637	44.5
3271	1.189	22.9
3272	1.234	31.6
3273	1.543	45.4
3274	2.127	53.8
3275	1.239	17.1
3276	3.369	34.2
3277	1.442	44.4
3278	1.132	0.6
3279	2.115	52.7
3280	1.984	56.4
3281	1.032	7.0
3282	1.258	17.9
3283	1.456	45.0
3284	1.207	25.1
3285	1.086	12.9
3286	1.215	38.9
3287	1.294	21.6
3288	2.148	53.0
3289	1.108	6.3
3290	1.151	14.6
3291	1.072	25.4
3292	1.852	48.9
3293	1.099	2.0
3294	1.295	41.0
3295	1.381	36.0
3296	1.113	2.7
3297	1.712	47.2
3298	1.314	30.2
3299	1.770	60.7
3300	1.862	56.5
3301	1.208	26.6
3302	1.192	12.2
3303	1.120	3.7
3304	1.207	27.9
3305	1.318	37.1
3306	1.237	26.2
3307	1.414	46.2
3308	1.494	55.4
3309	1.353	49.2
3310	1.374	42.1
3311	1.182	33.4
3312	1.816	55.5
3313	1.272	30.5
3314	1.090	54.0
3315	1.741	53.4
3316	1.139	22.8
3317	1.224	13.2
3318	1.653	55.6
3319	1.408	60.3
3320	1.422	36.4
3321	1.659	54.3
3322	1.263	39.8
3323	1.208	3.1
3324	1.426	55.4
3325	1.326	46.8
3326	1.429	48.0
3327	1.188	17.9
3328	1.387	43.8
3329	1.882	59.1
3330	1.236	25.6
3331	1.033	6.9
3332	2.180	44.0
3333	1.795	53.6
3334	1.289	28.9
3335	1.172	9.1
3336	1.127	5.8
3337	1.336	32.3
3338	1.259	18.7
3339	1.448	38.7
3340	1.142	39.9
3341	1.538	61.0
3342	1.546	46.5
3343	1.140	6.7
3344	1.411	42.5
3345	1.384	37.4
3346	1.316	47.4
3347	1.708	45.6
3348	1.474	53.1
3349	1.225	43.4
3350	1.232	27.1
3351	1.146	17.8
3352	1.483	39.4
3353	1.202	32.9
3354	1.627	53.9
3355	1.923	50.5
3356	1.196	10.7
3357	1.241	44.1
3358	1.306	23.5
3359	2.294	46.1
3360	1.133	4.9
3361	2.626	52.8
3362	2.434	46.6
3363	1.284	40.8
3364	1.433	57.7
3365	1.125	3.4
3366	1.551	40.1
3367	1.665	57.8
3368	1.450	53.5
3369	1.171	22.2
3370	1.346	37.2
3371	1.184	32.9
3372	1.470	41.7
3373	1.198	25.1
3374	1.153	7.5
3375	1.483	48.7
3376	1.535	47.4
3377	1.104	12.0
3378	1.607	51.5
3379	1.859	59.2
3380	1.140	20.6
3381	1.519	42.8
3382	1.391	46.6
3383	1.608	50.1
3384	1.251	26.3
3385	1.405	45.2
3386	1.336	48.6
3387	1.439	43.2
3388	1.466	32.4
3389	1.100	16.5
3390	1.186	6.5
3391	1.143	4.4
3392	1.473	46.1
3393	1.613	40.5
3394	1.607	52.1
3395	1.186	32.7
3396	2.092	51.7
3397	1.148	26.2
3398	1.060	11.2
3399	1.464	44.5
3400	2.886	42.1
3401	1.152	1.2
3402	1.460	29.4
3403	1.146	21.6
3404	1.299	41.6
3405	1.349	40.8
3406	1.326	30.7
3407	1.860	56.4
3408	1.207	26.0
3409	1.396	38.6
3410	1.299	14.8
3411	1.512	38.6
3412	1.220	20.2
3413	1.351	53.3
3414	1.080	5.8
3415	1.596	41.5
3416	1.116	1.0
3417	2.011	57.0
3418	1.141	3.8
3419	1.116	12.5
3420	1.268	41.8
3421	1.404	39.8
3422	1.535	46.5
3423	2.181	44.4
3424	1.509	36.5
3425	1.385	45.9
3426	1.287	39.4
3427	1.235	7.2
3428	1.114	4.4
3429	1.532	45.7
3430	1.151	17.1
3431	1.515	52.6
3432	1.105	1.7
3433	1.091	14.5
3434	1.252	50.4
3435	1.311	48.4
3436	1.120	21.8
3437	1.106	1.0
3438	1.458	45.8
3439	1.093	5.3
3440	2.185	49.8
3441	1.238	24.1
3442	1.636	44.6
3443	1.255	38.3
3444	1.400	50.8
3445	1.349	25.8
3446	1.103	10.0
3447	1.806	56.9
3448	1.172	32.1
3449	1.233	21.7
3450	1.170	0.8
3451	1.378	26.9
3452	1.058	21.1
3453	1.484	44.3
3454	1.107	1.2
3455	1.121	0.9
3456	1.403	38.0
3457	1.143	12.2
3458	1.870	61.5
3459	1.204	5.0
3460	1.156	11.6
3461	1.347	33.9
3462	1.388	50.2
3463	1.212	5.9
3464	1.253	27.6
3465	1.100	2.2
3466	1.111	3.8
3467	2.549	49.4
3468	1.125	16.7
3469	1.450	21.8
3470	1.141	11.9
3471	1.271	41.6
3472	1.334	40.0
3473	1.395	44.3
3474	1.848	53.0
3475	1.466	47.2
3476	1.162	14.1
3477	1.048	0.1
3478	2.106	50.9
3479	2.350	42.9
3480	1.536	56.9
3481	1.163	3.4
3482	1.334	36.0
3483	1.335	17.7
3484	1.099	6.4
3485	1.072	8.8
3486	1.122	32.8
3487	1.064	3.7
3488	1.210	21.4
3489	1.091	1.8
3490	1.388	48.3
3491	1.241	17.4
3492	1.161	26.4
3493	1.028	8.3
3494	1.190	25.6
3495	1.044	29.0
3496	1.458	44.0
3497	1.047	17.0
3498	1.189	33.4
3499	1.244	29.9
3500	1.460	35.0
3501	1.584	45.7
3502	2.295	48.1
3503	1.617	56.2
3504	1.419	43.1
3505	1.119	13.4
3506	1.087	8.4
3507	1.477	49.9
3508	1.179	20.5
3509	1.119	5.0
3510	1.043	11.1
3511	1.132	20.0
3512	1.286	31.1
3513	1.056	16.6
3514	1.133	17.1
3515	2.570	39.9
3516	1.139	0.8
3517	1.511	48.6
3518	2.310	48.0
3519	1.363	43.1
3520	1.155	39.6
3521	1.666	49.8
3522	2.396	56.4
3523	1.507	59.1
3524	1.192	35.7
3525	1.164	3.0
3526	1.143	21.5
3527	1.208	3.1
3528	1.190	20.4
3529	1.258	30.4
3530	1.216	32.0
3531	1.100	9.6
3532	1.025	9.1
3533	1.648	57.2
3534	1.496	41.7
3535	1.268	26.8
3536	1.758	54.0
3537	1.676	54.8
3538	1.117	12.3
3539	2.082	45.1
3540	1.612	44.2
3541	1.187	15.1
3542	1.203	6.2
3543	1.814	49.1
3544	1.529	46.7
3545	1.736	49.6
3546	1.080	19.4
3547	1.191	16.9
3548	1.585	62.2
3549	1.983	52.1
3550	1.251	31.0
3551	1.404	33.4
3552	1.582	43.5
3553	1.176	0.3
3554	1.443	54.8
3555	1.126	32.9
3556	1.234	38.0
3557	1.624	41.9
3558	1.202	15.5
3559	1.146	20.2
3560	1.129	7.7
3561	1.146	11.2
3562	1.162	44.9
3563	1.149	11.6
3564	1.137	5.4
3565	3.136	44.8
3566	1.587	52.7
3567	1.352	50.7
3568	1.352	40.3
3569	1.149	2.4
3570	1.692	51.2
3571	1.446	38.5
3572	1.684	47.4
3573	1.174	31.5
3574	2.932	39.1
3575	1.238	41.5
3576	1.909	59.3
3577	1.480	41.6
3578	1.497	54.7
3579	1.255	35.8
3580	1.076	10.0
3581	1.143	3.1
3582	2.177	55.2
3583	1.117	12.1
3584	1.330	24.2
3585	1.251	24.9
3586	1.580	51.6
3587	1.041	3.3
3588	1.330	46.1
3589	1.206	37.8
3590	1.615	37.0
3591	1.066	1.4
3592	1.636	51.8
3593	1.400	29.1
3594	2.043	57.6
3595	1.248	40.2
3596	1.186	11.6
3597	1.345	42.4
3598	1.811	54.3
3599	1.818	55.3
3600	1.268	39.4
3601	1.658	58.5
3602	1.582	57.3
3603	1.208	24.7
3604	1.148	4.6
3605	1.165	35.1
3606	1.361	32.6
3607	1.638	59.0
3608	1.425	44.0
3609	1.256	19.0
3610	1.188	19.1
3611	1.128	25.7
3612	1.860	47.6
3613	1.148	11.4
3614	1.520	50.9
3615	1.209	31.5
3616	1.352	52.8
3617	1.323	27.6
3618	1.335	45.3
3619	1.980	60.2
3620	1.258	24.7
3621	1.489	40.6
3622	1.386	30.8
3623	1.594	55.6
3624	1.179	3.4
3625	1.160	7.4
3626	1.476	50.5
3627	1.087	4.9
3628	1.135	13.0
3629	1.442	32.5
3630	1.132	2.4
3631	1.614	54.3
3632	1.190	37.8
3633	1.994	48.1
3634	1.725	50.7
3635	1.162	23.0
3636	1.678	43.6
3637	1.826	46.3
3638	1.631	54.9
3639	1.833	45.0
3640	1.535	56.9
3641	2.087	50.2
3642	1.343	31.1
3643	1.221	36.5
3644	2.524	37.4
3645	1.250	27.2
3646	1.077	23.6
3647	1.418	47.5
3648	1.861	59.7
3649	1.542	48.4
3650	1.220	17.7
3651	1.200	22.8
3652	1.240	36.1
3653	2.249	45.4
3654	2.074	52.8
3655	1.869	45.1
3656	1.521	57.9
3657	1.114	6.5
3658	1.117	21.1
3659	1.476	55.8
3660	1.448	37.6
3661	1.432	41.8
3662	1.731	54.5
3663	1.690	58.2
3664	1.145	12.9
3665	2.061	41.1
3666	1.106	4.6
3667	1.378	34.7
3668	1.310	26.6
3669	1.177	20.9
3670	2.162	51.4
3671	1.372	53.9
3672	1.178	18.0
3673	1.599	50.4
3674	1.103	16.4
3675	1.156	23.9
3676	1.102	25.4
3677	1.509	42.7
3678	1.256	33.2
3679	1.045	1.1
3680	2.251	55.7
3681	1.251	44.7
3682	1.186	7.9
3683	1.096	13.1
3684	1.334	35.9
3685	1.065	16.7
3686	1.571	47.6
3687	1.472	46.6
3688	1.447	53.3
3689	1.131	18.0
3690	1.365	42.1
3691	1.584	49.0
3692	1.105	19.1
3693	1.307	36.3
3694	1.210	15.6
3695	1.660	56.7
3696	2.319	48.4
3697	1.088	1.2
3698	1.420	40.9
3699	1.170	36.7
3700	1.365	34.1
3701	1.345	34.5
3702	1.351	45.8
3703	1.842	58.0
3704	1.682	59.4
3705	2.260	44.6
3706	1.596	47.2
3707	1.466	44.3
3708	1.186	13.2
3709	1.703	50.4
3710	1.251	17.3
3711	1.100	12.9
3712	1.403	44.5
3713	1.280	18.6
3714	1.101	13.7
3715	1.291	46.2
3716	1.249	27.6
3717	1.152	17.8
3718	1.507	49.5
3719	1.097	20.2
3720	1.176	10.6
3721	1.806	48.4
3722	1.083	13.5
3723	1.223	26.4
3724	1.160	34.1
3725	1.159	5.1
3726	1.512	43.4
3727	1.344	34.6
3728	1.189	1.7
3729	1.545	54.9
3730	1.771	54.1
3731	1.330	33.9
3732	1.169	30.2
3733	1.788	58.6
3734	1.333	33.0
3735	1.429	51.4
3736	1.099	5.9
3737	1.902	53.9
3738	1.497	55.8
3739	1.095	4.9
3740	1.126	6.8
3741	1.609	52.7
3742	1.464	40.3
3743	1.217	42.7
3744	1.245	35.6
3745	1.468	48.6
3746	1.095	11.4
3747	1.713	50.1
3748	1.548	43.4
3749	1.112	16.7
3750	1.704	53.5
3751	1.172	0.1
3752	1.223	26.8
3753	1.118	0.8
3754	1.091	0.8
3755	1.118	16.9
3756	1.583	51.2
3757	1.175	3.8
3758	1.115	19.6
3759	1.223	13.7
3760	1.239	4.7
3761	1.122	7.6
3762	1.421	40.2
3763	1.738	55.6
3764	1.538	50.6
3765	1.558	53.9
3766	1.086	13.3
3767	1.367	37.9
3768	3.967	33.8
3769	1.175	23.8
3770	1.570	54.9
3771	1.149	28.5
3772	1.228	32.0
3773	1.459	46.3
3774	1.206	20.7
3775	1.174	29.4
3776	1.317	30.4
3777	1.215	11.7
3778	1.625	56.6
3779	1.113	5.3
3780	1.110	26.0
3781	1.085	14.2
3782	1.128	21.9
3783	1.215	31.6
3784	1.385	44.4
3785	1.403	51.6
3786	1.367	33.8
3787	1.202	21.2
3788	2.827	30.8
3789	1.234	23.5
3790	1.299	40.6
3791	1.101	0.6
3792	1.324	25.9
3793	1.280	35.4
3794	1.677	51.0
3795	1.161	5.0
3796	1.413	33.5
3797	1.109	5.8
3798	1.336	38.3
3799	2.087	53.2
3800	1.246	33.3
3801	1.181	28.3
3802	1.153	21.8
3803	1.142	16.8
3804	1.461	32.6
3805	1.262	32.4
3806	1.086	15.9
3807	1.292	32.2
3808	1.314	26.2
3809	1.494	43.7
3810	1.185	20.0
3811	1.463	34.0
3812	1.049	8.5
3813	1.126	18.1
3814	1.379	23.9
3815	1.242	11.5
3816	1.111	13.9
3817	1.858	55.5
3818	1.236	16.5
3819	1.510	45.7
3820	1.200	16.8
3821	1.989	52.4
3822	1.080	20.3
3823	1.197	8.6
3824	1.107	5.8
3825	2.321	57.0
3826	1.265	18.0
3827	1.414	32.3
3828	1.406	37.5
3829	1.483	27.8
3830	1.130	5.8
3831	1.301	36.5
3832	1.510	52.7
3833	1.161	1.0
3834	1.180	28.0
3835	1.110	3.1
3836	1.100	22.3
3837	1.123	14.7
3838	1.339	49.9
3839	1.851	51.7
3840	1.194	22.9
3841	1.525	42.4
3842	1.201	34.7
3843	0.986	10.8
3844	1.103	15.7
3845	1.523	49.9
3846	1.246	13.1
3847	1.296	31.6
3848	1.349	38.4
3849	1.788	47.2
3850	2.002	56.4
3851	1.056	6.3
3852	1.825	52.4
3853	1.099	0.3
3854	4.178	32.0
3855	1.231	18.7
3856	1.229	1.9
3857	1.095	5.2
3858	1.709	44.9
3859	1.232	24.2
3860	1.899	56.0
3861	1.192	40.9
3862	1.328	37.7
3863	1.117	3.7
3864	1.256	20.8
3865	1.145	2.9
3866	1.479	38.7
3867	1.449	44.9
3868	3.297	32.1
3869	1.285	21.9
3870	1.069	0.3
3871	1.157	14.0
3872	1.206	20.9
3873	1.278	39.6
3874	1.560	55.4
3875	1.333	54.0
3876	1.051	4.5
3877	1.213	26.4
3878	1.057	3.0
3879	1.499	45.9
3880	1.383	25.0
3881	1.746	47.4
3882	1.508	57.1
3883	1.234	38.2
3884	2.584	50.2
3885	1.142	30.6
3886	2.043	54.5
3887	1.198	23.9
3888	1.193	25.6
3889	1.192	11.0
3890	1.294	16.6
3891	1.360	39.0
3892	1.265	26.9
3893	2.776	47.7
3894	1.626	55.2
3895	1.572	42.9
3896	1.130	24.1
3897	1.516	43.3
3898	1.348	27.5
3899	1.526	46.1
3900	1.118	2.7
3901	1.443	49.3
3902	1.064	14.3
3903	1.194	25.3
3904	1.194	21.2
3905	1.445	39.6
3906	1.394	33.6
3907	1.064	14.4
3908	1.219	40.8
3909	1.642	54.0
3910	1.119	22.2
3911	1.839	61.3
3912	1.150	22.5
3913	1.189	20.9
3914	1.180	28.4
3915	1.263	40.6
3916	1.195	48.4
3917	1.301	46.6
3918	2.105	55.2
3919	2.116	46.1
3920	1.077	12.2
3921	1.705	55.4
3922	1.108	8.5
3923	1.109	23.7
3924	1.517	38.4
3925	1.101	14.8
3926	1.347	48.1
3927	1.293	56.2
3928	1.153	25.1
3929	1.183	10.1
3930	1.139	8.0
3931	1.143	46.3
3932	1.201	15.0
3933	2.268	54.7
3934	1.942	58.1
3935	1.156	22.5
3936	1.495	45.4
3937	1.413	37.8
3938	1.415	39.2
3939	1.115	13.5
3940	1.166	23.4
3941	1.073	1.6
3942	1.172	14.6
3943	1.528	44.3
3944	1.610	54.4
3945	1.127	2.8
3946	1.282	35.5
3947	1.816	56.9
3948	1.253	27.6
3949	2.882	37.6
3950	2.337	53.3
3951	1.611	52.7
3952	1.127	15.2
3953	1.106	7.6
3954	2.200	53.6
3955	2.494	42.3
3956	1.487	34.6
3957	1.395	56.7
3958	1.116	16.9
3959	1.069	7.3
3960	1.059	6.0
3961	1.415	42.2
3962	1.215	12.4
3963	1.219	24.4
3964	1.431	40.2
3965	1.634	39.4
3966	1.038	18.6
3967	1.178	15.2
3968	1.242	31.4
3969	1.890	56.8
3970	1.125	12.0
3971	2.094	48.2
3972	1.361	31.7
3973	1.155	3.2
3974	1.185	26.9
3975	1.093	8.5
3976	1.403	47.7
3977	1.482	44.8
3978	1.110	10.5
3979	1.308	22.9
3980	1.281	32.2
3981	1.209	29.6
3982	1.331	48.5
3983	1.552	40.8
3984	1.406	23.8
3985	2.254	56.5
3986	1.129	1.8
3987	1.602	58.8
3988	1.287	38.5
3989	1.460	60.5
3990	1.287	33.1
3991	1.110	6.8
3992	1.129	3.2
3993	1.231	18.2
3994	1.463	36.4
3995	1.658	50.6
3996	1.412	45.8
3997	1.782	52.0
3998	3.020	36.2
3999	1.083	8.3
4000	1.256	40.2
4001	1.179	15.1
4002	1.908	57.2
4003	1.321	37.4
4004	1.393	42.1
4005	1.307	41.0
4006	1.119	18.6
4007	1.693	43.1
4008	1.512	43.3
4009	1.783	55.2
4010	1.116	1.2
4011	2.463	43.0
4012	1.156	12.7
4013	3.054	32.5
4014	1.188	26.5
4015	1.125	1.8
4016	1.182	42.4
4017	1.280	25.5
4018	1.103	0.8
4019	2.100	48.9
4020	1.932	49.1
4021	1.091	2.8
4022	1.262	34.4
4023	1.137	6.0
4024	1.118	6.5
4025	1.213	3.9
4026	1.639	35.9
4027	1.443	43.0
4028	1.192	9.3
4029	1.494	41.7
4030	1.090	2.8
4031	1.293	25.5
4032	1.225	23.8
4033	1.321	17.1
4034	1.555	45.4
4035	1.075	3.0
4036	2.411	48.3
4037	1.323	42.2
4038	1.223	33.9
4039	2.864	49.4
4040	1.796	57.0
4041	1.696	50.0
4042	1.299	41.0
4043	1.193	25.1
4044	1.348	35.1
4045	1.518	44.5
4046	1.212	9.2
4047	1.075	17.1
4048	1.093	10.4
4049	1.509	57.1
4050	1.057	12.2
4051	1.273	33.8
4052	1.491	51.8
4053	1.146	6.2
4054	1.292	43.4
4055	1.086	28.1
4056	1.179	16.2
4057	1.194	28.5
4058	1.225	39.2
4059	1.983	57.7
4060	1.117	8.3
4061	1.495	45.9
4062	1.064	16.3
4063	2.078	47.9
4064	1.644	46.8
4065	1.125	20.3
4066	1.308	30.1
4067	1.461	42.2
4068	1.104	40.7
4069	1.396	57.9
4070	1.117	11.6
4071	1.170	3.1
4072	1.185	25.8
4073	1.316	42.1
4074	1.671	46.5
4075	1.865	48.4
4076	1.326	50.7
4077	2.853	48.0
4078	1.119	2.5
4079	1.148	10.4
4080	2.112	40.7
4081	1.962	54.6
4082	1.974	54.6
4083	1.111	28.8
4084	1.094	0.3
4085	1.596	56.4
4086	1.427	46.1
4087	1.168	38.8
4088	1.135	25.7
4089	1.372	41.7
4090	1.520	62.5
4091	1.413	47.5
4092	1.119	2.4
4093	1.302	31.5
4094	1.931	53.9
4095	1.150	17.7
4096	1.372	37.3
4097	1.239	22.4
4098	1.508	49.4
4099	1.686	50.0
4100	1.118	5.0
4101	1.112	14.5
4102	1.220	17.9
4103	1.542	55.7
4104	1.126	1.0
4105	1.278	18.7
4106	1.104	3.2
4107	1.820	52.4
4108	2.127	48.8
4109	1.572	56.4
4110	1.083	5.4
4111	1.161	6.0
4112	1.243	28.8
4113	1.276	38.1
4114	1.178	22.9
4115	2.005	52.2
4116	2.811	47.8
4117	1.120	24.4
4118	1.186	5.5
4119	1.154	24.0
4120	1.414	40.7
4121	2.451	52.5
4122	1.183	20.7
4123	1.367	36.6
4124	1.324	45.0
4125	1.443	39.9
4126	1.134	16.1
4127	1.142	5.0
4128	1.402	40.0
4129	1.254	33.9
4130	1.563	54.5
4131	1.098	18.5
4132	1.530	42.8
4133	1.130	14.1
4134	1.113	20.2
4135	1.921	61.2
4136	1.843	61.2
4137	1.490	48.6
4138	1.106	9.7
4139	1.222	37.2
4140	1.704	52.6
4141	1.329	35.9
4142	1.639	50.8
4143	1.856	51.7
4144	2.157	50.7
4145	1.450	39.3
4146	2.062	55.1
4147	2.398	45.7
4148	1.366	40.2
4149	1.069	26.7
4150	1.137	5.1
4151	1.241	16.3
4152	2.299	44.0
4153	1.711	60.0
4154	1.447	52.4
4155	1.272	31.0
4156	1.138	14.3
4157	1.109	21.8
4158	1.203	28.2
4159	1.457	50.1
4160	1.196	24.6
4161	1.266	12.0
4162	1.185	13.9
4163	1.292	39.4
4164	1.377	36.4
4165	1.141	22.3
4166	2.650	58.4
4167	1.187	22.3
4168	1.172	29.2
4169	1.731	55.5
4170	1.284	45.2
4171	1.571	30.3
4172	1.332	34.0
4173	1.649	48.6
4174	1.733	46.3
4175	1.242	24.0
4176	2.620	46.0
4177	1.528	51.7
4178	1.173	6.8
4179	1.214	5.5
4180	2.296	59.6
4181	1.212	0.5
4182	1.381	36.4
4183	1.390	33.6
4184	1.173	31.4
4185	1.392	37.5
4186	1.406	44.9
4187	1.314	29.1
4188	2.026	59.4
4189	1.135	8.3
4190	1.479	32.9
4191	1.202	39.7
4192	1.203	23.5
4193	1.513	37.5
4194	1.443	51.6
4195	1.342	34.5
4196	1.152	7.7
4197	2.018	58.5
4198	1.034	19.2
4199	1.094	23.3
4200	1.274	30.0
4201	1.172	3.2
4202	2.242	53.4
4203	2.121	56.0
4204	1.809	48.2
4205	1.374	30.1
4206	1.180	30.0
4207	1.151	22.3
4208	1.454	39.0
4209	1.736	53.5
4210	1.870	56.4
4211	1.178	26.4
4212	2.793	47.0
4213	1.787	51.1
4214	1.360	45.2
4215	1.092	53.0
4216	1.117	4.6
4217	1.273	33.8
4218	1.096	0.1
4219	2.082	58.8
4220	1.141	29.3
4221	1.457	55.5
4222	1.230	1.4
4223	1.243	42.6
4224	1.450	39.7
4225	1.089	16.0
4226	1.162	19.7
4227	2.079	40.8
4228	1.830	57.3
4229	1.172	3.9
4230	1.269	30.6
4231	1.173	10.4
4232	1.305	31.7
4233	1.994	56.3
4234	1.669	61.4
4235	1.520	57.4
4236	1.330	46.6
4237	1.207	25.5
4238	1.130	16.5
4239	1.847	55.7
4240	1.071	9.8
4241	1.312	32.9
4242	1.161	3.8
4243	1.652	54.4
4244	2.154	44.7
4245	1.495	47.3
4246	1.250	30.3
4247	1.262	25.2
4248	1.171	0.1
4249	1.126	14.1
4250	1.268	28.1
4251	1.067	4.8
4252	2.423	31.0
4253	1.243	41.1
4254	2.161	52.9
4255	1.109	14.7
4256	1.920	56.4
4257	2.924	49.7
4258	1.489	45.6
4259	1.245	29.9
4260	1.008	7.1
4261	1.512	52.2
4262	1.672	54.7
4263	1.103	28.1
4264	1.345	37.8
4265	1.253	28.7
4266	1.352	36.8
4267	1.235	34.7
4268	1.207	28.8
4269	1.101	3.3
4270	1.306	40.1
4271	1.061	14.3
4272	1.840	57.1
4273	1.102	20.5
4274	1.148	29.8
4275	1.642	50.3
4276	1.140	25.5
4277	1.373	30.3
4278	1.176	38.8
4279	2.117	50.3
4280	1.454	41.6
4281	1.190	22.3
4282	1.065	16.1
4283	1.130	4.3
4284	2.136	48.3
4285	2.186	54.5
4286	1.209	19.7
4287	1.118	0.5
4288	1.217	22.1
4289	1.230	26.1
4290	1.687	41.9
4291	1.377	24.3
4292	2.012	52.4
4293	1.208	29.5
4294	1.131	21.4
4295	1.212	26.0
4296	1.252	28.0
4297	1.063	21.7
4298	1.100	8.2
4299	1.708	56.6
4300	1.574	35.6
4301	1.233	14.0
4302	2.090	48.6
4303	1.076	14.5
4304	1.285	42.6
4305	1.911	49.2
4306	1.186	20.2
4307	1.197	27.4
4308	1.203	19.4
4309	1.148	25.5
4310	1.238	36.2
4311	1.831	60.2
4312	1.135	3.1
4313	1.505	50.5
4314	1.235	20.6
4315	1.564	43.3
4316	2.095	48.5
4317	1.034	8.8
4318	1.166	0.1
4319	1.526	51.6
4320	1.101	5.7
4321	2.116	55.0
4322	1.436	27.4
4323	1.213	25.5
4324	1.201	3.9
4325	1.183	27.8
4326	1.158	21.9
4327	2.480	57.4
4328	1.474	56.1
4329	1.708	52.7
4330	1.128	8.8
4331	1.559	51.5
4332	1.127	3.7
4333	1.086	17.2
4334	1.586	46.7
4335	1.160	29.2
4336	1.357	33.9
4337	1.745	57.6
4338	1.140	29.2
4339	1.830	59.2
4340	1.619	53.3
4341	1.959	56.0
4342	1.114	11.8
4343	1.163	1.5
4344	1.330	17.9
4345	1.662	52.6
4346	1.372	36.9
4347	1.318	24.3
4348	1.100	6.9
4349	1.772	58.8
4350	1.044	6.5
4351	1.228	51.0
4352	1.749	53.8
4353	1.279	20.4
4354	1.326	30.4
4355	1.380	50.8
4356	1.302	28.5
4357	1.963	55.5
4358	1.864	54.7
4359	1.641	41.7
4360	1.363	41.0
4361	1.478	48.3
4362	1.142	30.0
4363	1.464	50.4
4364	1.218	51.9
4365	1.338	41.3
4366	1.138	17.2
4367	1.361	38.8
4368	1.287	35.3
4369	1.040	4.9
4370	1.379	40.0
4371	1.307	45.0
4372	1.318	27.6
4373	1.325	41.8
4374	1.478	44.0
4375	1.230	23.8
4376	1.316	41.8
4377	1.163	5.2
4378	1.310	46.7
4379	1.231	23.2
4380	1.251	27.4
4381	1.729	53.7
4382	1.357	38.0
4383	1.143	4.8
4384	1.118	10.5
4385	1.144	3.5
4386	1.082	3.6
4387	2.814	40.1
4388	1.943	46.8
4389	1.508	50.4
4390	1.155	19.9
4391	1.915	54.4
4392	1.186	6.3
4393	1.525	46.8
4394	1.342	38.2
4395	1.164	21.8
4396	1.348	45.9
4397	1.999	54.1
4398	2.222	44.1
4399	1.377	41.7
4400	1.189	16.9
4401	1.066	17.8
4402	1.233	32.7
4403	1.404	48.1
4404	1.147	5.4
4405	1.122	3.7
4406	2.156	45.3
4407	1.158	7.9
4408	1.737	56.0
4409	1.370	32.3
4410	1.759	49.4
4411	1.118	26.4
4412	1.187	25.6
4413	1.245	24.3
4414	1.277	28.8
4415	1.065	17.2
4416	1.074	11.1
4417	1.436	39.8
4418	1.864	55.1
4419	2.629	40.2
4420	1.142	17.9
4421	1.560	51.1
4422	1.926	52.6
4423	1.345	31.7
4424	1.157	27.6
4425	1.386	46.1
4426	2.421	58.7
4427	1.581	53.1
4428	1.746	54.1
4429	1.276	11.9
4430	1.186	24.1
4431	2.044	47.6
4432	1.180	31.8
4433	1.165	12.4
4434	1.134	26.1
4435	1.069	1.9
4436	1.800	49.7
4437	1.265	39.4
4438	1.333	33.9
4439	1.556	48.2
4440	1.456	49.9
4441	1.122	19.1
4442	1.653	46.7
4443	1.214	22.4
4444	1.354	40.9
4445	1.877	55.8
4446	2.022	51.0
4447	2.017	60.1
4448	1.161	23.8
4449	1.252	34.3
4450	1.467	57.3
4451	1.220	14.2
4452	1.927	60.4
4453	1.321	35.9
4454	1.187	9.6
4455	1.675	46.6
4456	1.664	53.5
4457	2.094	56.0
4458	1.370	27.4
4459	1.108	16.9
4460	1.203	32.7
4461	1.453	40.9
4462	1.111	17.7
4463	1.206	36.9
4464	1.102	38.6
4465	1.465	46.5
4466	1.280	24.0
4467	1.788	54.8
4468	2.241	49.3
4469	1.216	29.5
4470	2.994	42.8
4471	1.138	8.9
4472	2.013	54.9
4473	1.039	6.4
4474	1.467	47.7
4475	1.091	1.2
4476	1.054	18.7
4477	1.127	2.6
4478	1.403	36.6
4479	1.202	21.7
4480	1.207	27.4
4481	1.423	52.3
4482	1.295	40.4
4483	1.107	11.2
4484	1.227	48.7
4485	1.452	48.8
4486	2.433	43.7
4487	1.125	15.3
4488	1.247	18.3
4489	1.159	18.6
4490	1.128	13.2
4491	1.168	23.6
4492	1.499	50.3
4493	1.299	35.1
4494	1.601	46.2
4495	1.138	5.9
4496	1.447	40.7
4497	1.236	26.0
4498	1.294	24.8
4499	1.814	59.1
4500	2.633	41.7
4501	1.109	8.7
4502	1.664	61.1
4503	1.145	29.4
4504	1.223	27.6
4505	1.672	50.8
4506	1.063	0.1
4507	1.807	52.8
4508	1.042	10.8
4509	1.372	33.3
4510	1.480	43.0
4511	1.111	0.2
4512	2.298	48.5
4513	1.072	1.1
4514	1.199	25.9
4515	1.575	49.5
4516	1.488	37.3
4517	1.221	31.4
4518	2.334	52.9
4519	1.641	59.5
4520	1.141	14.8
4521	1.310	27.2
4522	1.219	15.2
4523	1.249	31.1
4524	1.149	13.1
4525	1.743	50.8
4526	1.073	11.3
4527	1.063	6.9
4528	1.492	50.6
4529	2.246	43.1
4530	1.115	28.0
4531	1.176	16.7
4532	1.236	20.9
4533	1.146	17.4
4534	1.096	5.5
4535	1.186	9.4
4536	1.477	41.5
4537	1.100	2.6
4538	1.162	16.3
4539	1.054	28.2
4540	1.807	55.4
4541	1.466	46.0
4542	1.269	31.2
4543	2.395	44.9
4544	1.164	0.8
4545	1.152	3.5
4546	1.193	1.5
4547	1.166	22.0
4548	1.427	43.8
4549	1.307	34.1
4550	1.805	53.6
4551	1.531	47.9
4552	1.145	10.7
4553	1.037	10.3
4554	1.162	15.4
4555	1.219	19.1
4556	2.109	55.5
4557	1.961	58.7
4558	1.197	33.6
4559	1.610	58.1
4560	1.290	27.3
4561	1.166	15.2
4562	1.158	5.3
4563	1.251	5.9
4564	1.144	3.5
4565	1.992	54.0
4566	1.848	59.0
4567	1.219	15.6
4568	1.489	57.5
4569	1.137	10.4
4570	2.295	51.1
4571	1.079	2.0
4572	1.137	26.4
4573	1.293	42.9
4574	1.290	27.0
4575	1.142	21.8
4576	1.093	18.1
4577	1.433	43.2
4578	1.130	4.7
4579	1.410	36.4
4580	1.290	31.4
4581	2.847	43.5
4582	1.236	33.2
4583	1.260	21.5
4584	1.701	55.9
4585	1.723	57.5
4586	1.563	53.2
4587	1.329	26.0
4588	1.166	1.4
4589	1.280	39.7
4590	1.267	29.3
4591	1.136	19.2
4592	1.170	8.9
4593	1.137	16.4
4594	1.451	44.5
4595	1.101	59.6
4596	2.124	55.4
4597	1.471	42.6
4598	2.618	29.9
4599	1.723	48.4
4600	2.294	54.1
4601	1.161	32.8
4602	1.155	19.7
4603	1.182	18.8
4604	2.486	49.2
4605	1.182	9.5
4606	1.121	7.1
4607	1.138	25.3
4608	1.212	20.5
4609	1.169	10.1
4610	1.751	47.2
4611	1.611	59.3
4612	1.453	41.0
4613	1.090	13.3
4614	1.803	47.3
4615	1.183	26.0
4616	1.129	22.4
4617	1.276	36.0
4618	1.943	56.8
4619	2.129	59.2
4620	1.245	14.9
4621	1.216	17.2
4622	1.488	48.6
4623	1.387	35.8
4624	1.729	48.4
4625	1.528	53.7
4626	1.152	5.5
4627	1.081	2.6
4628	1.096	8.1
4629	1.117	1.8
4630	1.101	9.2
4631	1.399	47.4
4632	1.437	16.5
4633	1.447	47.4
4634	1.268	24.4
4635	1.195	11.1
4636	1.437	49.7
4637	1.211	13.1
4638	1.475	34.6
4639	1.080	14.4
4640	1.148	5.7
4641	1.124	47.5
4642	1.543	45.2
4643	1.586	53.5
4644	1.105	17.8
4645	1.107	2.0
4646	1.473	49.8
4647	1.791	55.7
4648	1.394	6.5
4649	1.146	17.9
4650	1.173	21.0
4651	1.174	25.3
4652	1.454	31.7
4653	1.125	15.9
4654	1.316	30.3
4655	1.399	49.2
4656	1.117	14.8
4657	1.182	45.3
4658	1.596	52.0
4659	1.100	22.1
4660	1.258	35.9
4661	1.116	22.7
4662	3.116	37.7
4663	1.444	33.3
4664	1.103	4.5
4665	1.756	57.6
4666	1.904	54.0
4667	1.713	54.0
4668	1.320	37.9
4669	1.563	45.9
4670	1.213	14.0
4671	1.103	11.7
4672	1.766	60.9
4673	1.564	43.9
4674	1.261	29.6
4675	1.293	24.7
4676	1.169	8.4
4677	1.526	43.3
4678	1.148	25.2
4679	1.317	28.2
4680	1.429	47.8
4681	1.449	52.2
4682	1.222	2.3
4683	1.695	54.7
4684	1.381	28.1
4685	1.358	39.0
4686	1.150	4.9
4687	1.700	60.9
4688	2.016	55.8
4689	1.135	11.5
4690	1.787	45.1
4691	1.127	23.4
4692	1.729	56.0
4693	1.541	60.8
4694	1.651	51.7
4695	1.690	52.4
4696	1.355	27.4
4697	1.120	2.1
4698	1.278	26.1
4699	1.075	9.9
4700	1.235	20.8
4701	1.329	29.1
4702	1.264	36.9
4703	1.117	13.3
4704	1.336	26.5
4705	1.145	11.7
4706	1.445	49.0
4707	1.774	54.8
4708	1.540	45.0
4709	2.628	40.9
4710	1.600	52.6
4711	1.442	45.7
4712	1.502	34.8
4713	1.792	56.1
4714	1.484	41.0
4715	1.094	9.2
4716	1.181	19.2
4717	1.155	3.9
4718	1.099	10.7
4719	2.197	50.3
4720	1.131	22.5
4721	1.107	18.0
4722	1.245	19.9
4723	1.123	1.7
4724	1.169	1.8
4725	1.264	13.0
4726	1.485	41.2
4727	1.405	46.7
4728	1.489	57.0
4729	1.118	6.9
4730	1.267	25.1
4731	1.548	40.6
4732	1.412	45.1
4733	1.174	27.7
4734	1.142	20.2
4735	1.099	20.8
4736	1.098	6.6
4737	1.314	42.1
4738	2.006	51.3
4739	1.121	2.9
4740	1.211	1.1
4741	1.165	0.7
4742	1.158	0.7
4743	1.412	32.7
4744	1.336	20.5
4745	2.475	43.7
4746	1.317	45.7
4747	1.202	26.8
4748	1.315	37.3
4749	1.659	35.7
4750	1.374	44.1
4751	2.174	42.9
4752	1.195	17.3
4753	1.874	50.0
4754	1.885	56.6
4755	1.327	28.8
4756	1.071	0.4
4757	1.125	9.8
4758	1.841	55.1
4759	1.383	28.2
4760	1.206	17.4
4761	1.109	5.6
4762	1.908	51.2
4763	1.173	21.2
4764	1.142	23.6
4765	1.079	11.0
4766	1.676	51.6
4767	1.378	36.2
4768	1.093	2.8
4769	1.380	40.8
4770	1.651	49.8
4771	2.708	50.0
4772	1.148	24.4
4773	1.269	21.2
4774	1.496	48.7
4775	2.359	53.9
4776	1.055	4.1
4777	2.561	37.0
4778	1.139	17.3
4779	1.221	41.1
4780	1.170	14.1
4781	1.292	25.8
4782	1.317	44.0
4783	1.272	30.6
4784	1.799	58.6
4785	1.513	54.7
4786	1.141	26.0
4787	1.623	61.6
4788	2.756	36.7
4789	1.731	51.7
4790	1.205	18.4
4791	1.179	5.3
4792	1.094	5.4
4793	2.987	44.1
4794	1.176	29.1
4795	1.254	29.2
4796	1.180	31.0
4797	1.806	61.5
4798	1.196	1.8
4799	1.143	5.6
4800	1.206	1.2
4801	1.395	45.3
4802	1.219	22.8
4803	1.183	24.4
4804	1.428	47.5
4805	1.552	53.2
4806	1.736	56.6
4807	1.431	38.1
4808	1.204	35.1
4809	1.399	48.2
4810	1.142	2.8
4811	2.024	53.0
4812	1.178	55.5
4813	1.059	16.6
4814	2.857	49.4
4815	1.691	51.7
4816	1.763	57.2
4817	2.508	49.6
4818	1.220	20.0
4819	2.708	49.4
4820	1.358	32.3
4821	1.668	44.2
4822	1.429	36.2
4823	1.360	32.7
4824	1.558	53.1
4825	1.132	30.6
4826	1.093	3.9
4827	1.323	34.4
4828	1.052	1.4
4829	1.316	25.1
4830	1.379	48.6
4831	1.699	53.2
4832	2.624	48.0
4833	1.379	37.4
4834	1.361	34.0
4835	1.240	27.8
4836	2.383	51.6
4837	2.306	43.4
4838	1.430	39.6
4839	1.137	13.5
4840	1.453	37.3
4841	1.099	16.8
4842	1.224	18.0
4843	1.690	48.5
4844	1.185	18.5
4845	1.328	27.1
4846	1.168	22.5
4847	1.101	1.2
4848	1.115	24.6
4849	1.391	41.4
4850	1.129	9.4
4851	1.132	10.4
4852	1.483	39.3
4853	1.272	21.6
4854	1.132	16.6
4855	1.130	13.9
4856	1.341	31.1
4857	1.659	58.8
4858	1.856	50.2
4859	3.175	31.7
4860	1.316	26.8
4861	1.243	18.7
4862	1.176	24.0
4863	1.412	38.4
4864	1.225	9.3
4865	1.059	12.2
4866	1.153	6.0
4867	1.239	8.1
4868	1.217	16.1
4869	1.077	0.6
4870	1.286	40.5
4871	1.471	42.8
4872	1.281	31.3
4873	1.138	18.0
4874	2.205	58.1
4875	1.430	55.2
4876	1.140	6.8
4877	1.552	52.7
4878	2.261	52.3
4879	1.202	15.4
4880	1.294	27.2
4881	1.228	10.8
4882	1.431	52.0
4883	1.129	1.5
4884	1.245	18.5
4885	1.170	16.2
4886	2.834	37.7
4887	1.160	8.1
4888	1.246	15.3
4889	1.206	19.8
4890	1.195	42.1
4891	1.440	46.2
4892	1.153	12.7
4893	1.289	41.7
4894	1.134	14.4
4895	1.668	55.1
4896	1.240	39.7
4897	1.566	57.7
4898	1.410	57.7
4899	1.067	5.3
4900	1.041	16.2
4901	2.922	36.6
4902	1.204	23.2
4903	1.437	44.9
4904	1.965	49.9
4905	1.734	55.0
4906	1.080	10.8
4907	1.145	11.4
4908	1.437	40.4
4909	1.238	22.8
4910	1.262	28.6
4911	1.790	48.5
4912	1.295	23.0
4913	1.338	37.3
4914	1.517	28.8
4915	1.635	54.5
4916	1.400	26.7
4917	1.169	19.1
4918	2.303	46.9
4919	1.575	44.8
4920	1.950	50.3
4921	1.410	38.7
4922	1.381	44.0
4923	1.165	23.4
4924	1.202	29.6
4925	1.892	55.8
4926	2.227	54.0
4927	1.182	17.1
4928	1.858	57.3
4929	1.161	8.8
4930	1.210	23.9
4931	1.122	0.4
4932	1.227	20.9
4933	1.242	50.4
4934	1.123	11.2
4935	1.451	36.2
4936	1.208	31.9
4937	1.857	58.3
4938	3.129	42.1
4939	1.815	61.7
4940	2.282	40.2
4941	1.058	3.5
4942	1.749	52.9
4943	1.091	15.3
4944	1.672	50.3
4945	1.370	36.0
4946	1.108	7.9
4947	1.589	38.4
4948	1.110	13.8
4949	1.277	21.2
4950	1.523	46.9
4951	1.173	3.3
4952	1.093	7.9
4953	1.461	48.7
4954	1.637	52.7
4955	1.630	36.5
4956	1.121	15.6
4957	1.035	10.8
4958	1.138	5.6
4959	1.702	53.5
4960	1.928	56.3
4961	1.117	0.3
4962	1.414	39.9
4963	1.444	37.9
4964	1.299	24.7
4965	1.235	14.3
4966	1.409	28.0
4967	1.163	5.9
4968	1.446	48.0
4969	1.151	3.0
4970	1.335	36.2
4971	1.232	14.5
4972	1.230	12.9
4973	1.237	18.0
4974	1.242	27.2
4975	1.254	24.7
4976	1.197	16.4
4977	1.639	56.8
4978	1.086	22.7
4979	1.411	30.6
4980	1.155	16.4
4981	1.135	18.3
4982	1.214	39.3
4983	1.179	6.7
4984	1.303	22.5
4985	1.202	21.4
4986	1.186	21.1
4987	1.206	14.0
4988	1.096	22.0
4989	1.509	53.6
4990	1.093	4.2
4991	1.263	31.3
4992	1.082	27.6
4993	1.229	16.0
4994	1.142	5.8
4995	1.033	3.9
4996	1.300	17.9
4997	1.124	3.7
4998	1.076	1.4
4999	1.089	4.2
5000	1.080	14.1
