1	-0.568	45.4
2	-0.372	48.8
3	-0.874	5.5
4	-0.666	25.7
5	-0.784	34.3
6	-0.536	36.7
7	-0.546	5.2
8	-0.895	44.4
9	-0.578	15.3
10	-0.352	6.0
11	-0.445	57.9
12	-0.710	65.0
13	-0.515	28.6
14	-0.781	41.1
15	-0.787	44.4
16	-0.282	38.1
17	-0.521	68.0
18	-0.011	59.8
19	-0.135	27.3
20	-0.627	54.9
21	-0.276	53.2
22	-0.744	26.3
23	-0.416	50.7
24	-0.552	17.4
25	-0.696	5.8
26	-0.648	51.7
27	-0.771	4.6
28	-0.824	3.9
29	-0.568	52.7
30	-0.601	11.7
31	-0.952	52.2
32	-0.489	6.9
33	-0.677	52.2
34	-1.002	49.8
35	-0.942	5.9
36	-0.571	1.5
37	-0.529	55.2
38	-0.582	79.1
39	-0.249	22.0
40	-0.691	30.0
41	-0.556	26.9
42	-0.682	42.5
43	-0.671	8.0
44	-0.421	50.1
45	-0.245	12.9
46	-0.763	10.0
47	-0.346	38.6
48	-0.288	61.7
49	-0.367	20.7
50	-0.495	32.1
51	-0.213	4.2
52	-0.762	13.8
53	-0.700	13.7
54	-0.411	15.4
55	-0.525	26.1
56	-0.498	3.0
57	-1.075	34.6
58	-0.553	27.4
59	-0.366	46.8
60	-0.312	17.1
61	-0.740	57.6
62	-0.191	12.2
63	-0.521	46.2
64	-0.706	50.3
65	-0.825	60.6
66	-0.612	52.4
67	-0.559	35.7
68	-0.757	28.9
69	-0.400	2.3
70	-0.634	25.9
71	-0.647	10.8
72	-0.478	51.8
73	-0.571	26.1
74	-0.288	17.3
75	-0.569	20.7
76	-0.259	59.6
77	-0.494	27.8
78	-0.412	22.3
79	-0.715	9.5
80	-0.934	36.6
81	-0.400	32.4
82	-0.515	14.6
83	-0.668	13.0
84	-0.747	61.5
85	-0.133	40.1
86	-0.865	45.1
87	-0.568	53.7
88	-0.741	56.1
89	-0.295	28.9
90	0.044	27.5
91	-0.682	14.9
92	-0.143	52.7
93	-0.704	25.1
94	-0.252	24.6
95	-0.424	35.6
96	-0.401	29.2
97	-0.964	21.0
98	-0.354	6.6
99	-0.906	54.7
100	-0.525	54.4
101	-0.482	17.3
102	-0.393	2.2
103	-0.679	67.8
104	-0.347	62.0
105	-0.706	63.3
106	-0.652	24.5
107	-0.663	43.3
108	-0.699	33.1
109	-0.574	30.1
110	-0.761	32.3
111	-0.925	38.0
112	-0.885	44.1
113	-0.572	14.1
114	-0.696	28.9
115	-0.670	53.5
116	-0.730	2.7
117	-0.903	37.6
118	-0.289	15.5
119	-0.698	37.8
120	-0.404	64.6
121	-0.530	42.6
122	-0.518	45.3
123	-0.775	13.8
124	-0.410	17.5
125	-0.452	21.8
126	-0.691	38.5
127	-0.444	15.2
128	-0.530	11.9
129	-0.946	47.9
130	-0.547	34.7
131	-0.641	47.1
132	-0.128	39.9
133	-0.221	13.7
134	-0.733	13.7
135	-0.536	13.1
136	-0.399	43.3
137	-0.120	53.0
138	-0.764	31.2
139	-0.516	28.2
140	-0.269	5.7
141	-0.573	22.0
142	-0.785	65.3
143	-0.663	36.8
144	-0.480	27.1
145	-0.650	7.4
146	-0.344	62.1
147	-0.493	22.8
148	-0.738	59.3
149	-0.510	9.6
150	-0.526	30.2
151	-0.510	65.9
152	-0.322	29.8
153	-0.641	29.9
154	-0.703	14.7
155	-0.377	37.3
156	-0.445	11.6
157	-0.485	14.0
158	-0.765	9.1
159	-0.454	47.7
160	-0.505	56.8
161	-0.711	44.6
162	-0.841	5.6
163	-1.041	58.3
164	-0.662	28.7
165	-0.550	2.8
166	-0.586	23.6
167	-0.597	24.6
168	-0.576	29.4
169	-0.575	5.9
170	-1.126	15.7
171	-0.737	49.6
172	-0.420	53.3
173	-0.291	8.0
174	-0.863	80.5
175	-0.565	20.3
176	-0.469	23.7
177	-0.614	51.9
178	-0.540	19.7
179	-0.604	66.7
180	-0.569	20.3
181	-0.344	36.0
182	-0.604	49.2
183	-0.532	29.3
184	-0.323	24.0
185	-0.507	3.6
186	-0.563	66.9
187	-0.659	56.1
188	-0.734	3.5
189	-0.817	55.4
190	-0.355	41.2
191	-0.542	6.2
192	-0.598	41.2
193	-0.560	26.4
194	-0.616	33.8
195	-0.789	2.8
196	-0.470	16.8
197	-0.617	57.7
198	-0.180	45.3
199	-0.494	14.8
200	-0.601	22.9
201	-0.405	21.5
202	-0.647	41.7
203	-0.839	53.2
204	-0.741	62.7
205	-0.571	14.8
206	-0.547	3.8
207	-0.619	9.1
208	-0.830	21.4
209	-0.559	40.2
210	-0.738	41.8
211	-0.813	0.2
212	-0.703	17.9
213	-0.447	25.8
214	-0.346	72.7
215	-0.718	35.4
216	-0.801	24.5
217	-0.428	21.0
218	-0.289	74.7
219	-0.227	21.3
220	-0.347	48.0
221	-0.550	2.6
222	-0.757	10.6
223	-1.075	12.1
224	-0.631	48.0
225	-0.379	5.1
226	-0.690	7.5
227	-0.788	59.4
228	-0.222	21.9
229	-0.156	12.3
230	-0.773	3.4
231	-0.544	26.9
232	-0.435	1.2
233	-0.625	35.5
234	-0.507	31.1
235	-0.330	3.2
236	-0.593	49.0
237	-0.629	60.9
238	-0.555	18.8
239	-0.856	30.3
240	-0.573	69.9
241	-0.302	27.1
242	-0.614	8.7
243	-0.339	26.9
244	-0.832	18.3
245	-0.479	37.0
246	-0.336	55.2
247	-0.239	72.2
248	-0.749	11.3
249	-0.512	63.9
250	-0.744	66.8
251	-0.154	44.4
252	-0.367	4.5
253	-0.755	62.4
254	-0.612	63.5
255	-0.653	2.8
256	-0.475	30.5
257	-0.368	24.5
258	-0.572	36.2
259	-0.786	42.3
260	-0.818	24.0
261	-0.635	7.3
262	-0.366	9.3
263	-0.693	14.4
264	-0.690	10.9
265	-0.700	25.8
266	-0.821	10.7
267	-0.770	4.3
268	-0.447	9.3
269	-0.505	49.6
270	-0.384	51.0
271	-0.393	59.4
272	-0.608	8.5
273	-0.547	66.1
274	-0.666	3.0
275	-0.703	50.1
276	-0.642	43.0
277	-0.855	40.5
278	-0.568	6.6
279	-0.383	53.5
280	-0.586	27.4
281	-0.668	35.2
282	-0.431	55.1
283	-0.621	73.3
284	-0.692	11.5
285	-0.691	28.6
286	-0.519	7.2
287	-0.857	1.0
288	-0.990	23.0
289	-0.478	33.9
290	-0.496	36.3
291	-0.368	32.1
292	-0.376	53.6
293	-0.654	52.3
294	-0.502	14.5
295	-0.324	35.4
296	-0.625	29.0
297	-0.704	49.2
298	-0.347	6.6
299	-0.632	17.1
300	-0.188	5.6
301	-0.571	23.4
302	-0.697	63.2
303	-0.564	7.6
304	-0.922	7.4
305	-0.702	14.6
306	-0.431	4.3
307	-0.642	24.7
308	-0.261	19.6
309	-0.729	44.3
310	-0.869	61.7
311	-0.641	43.1
312	-0.445	47.7
313	-0.632	29.3
314	-0.691	13.6
315	-0.651	22.6
316	-0.755	18.0
317	-0.773	24.4
318	-0.301	48.3
319	-0.990	61.9
320	-0.532	27.7
321	-0.514	4.5
322	-0.580	16.0
323	-0.647	10.4
324	-0.148	11.0
325	-0.988	15.0
326	-0.210	59.7
327	-0.466	2.4
328	-0.681	26.0
329	-0.812	1.0
330	-0.628	43.6
331	-0.334	64.4
332	-0.418	17.6
333	-0.791	2.4
334	-0.934	21.6
335	-0.540	55.3
336	-0.511	6.9
337	-0.739	51.9
338	-0.745	48.3
339	-0.473	30.0
340	-0.496	12.8
341	-0.656	22.3
342	-0.535	63.2
343	-0.527	49.6
344	-0.716	19.0
345	-0.659	37.1
346	-0.434	66.1
347	-0.694	1.2
348	-0.605	3.5
349	-0.485	31.6
350	-0.769	40.2
351	-0.379	17.3
352	-0.664	63.1
353	-0.609	33.1
354	-0.726	29.6
355	-0.403	62.0
356	-0.638	21.7
357	-0.987	50.0
358	-0.712	7.5
359	-0.542	52.9
360	-0.484	63.3
361	-0.365	5.2
362	-0.278	59.7
363	-0.430	14.3
364	-0.803	54.8
365	-0.905	37.9
366	-0.675	47.0
367	-0.503	32.9
368	-0.471	60.9
369	-0.313	65.8
370	-0.712	12.0
371	-0.474	0.8
372	-0.771	58.5
373	-0.717	25.6
374	-0.590	30.1
375	-0.535	19.2
376	-0.685	9.9
377	-0.740	40.4
378	-0.572	11.7
379	-0.496	15.0
380	-0.767	6.2
381	-0.243	5.0
382	-0.746	22.9
383	-0.805	80.4
384	-0.798	42.4
385	-0.671	46.5
386	-0.528	50.7
387	-0.486	30.8
388	-0.194	69.6
389	-0.316	53.4
390	-0.503	48.1
391	-0.624	15.9
392	-0.533	34.9
393	-0.756	14.9
394	-1.023	35.6
395	-0.513	28.0
396	-0.762	57.8
397	-0.661	56.1
398	-0.202	21.8
399	-0.624	26.5
400	-0.478	3.6
401	-0.724	29.8
402	-0.424	1.0
403	-0.887	26.9
404	-0.336	3.6
405	-0.734	44.9
406	-0.899	12.0
407	-0.139	46.2
408	-0.588	17.4
409	-0.477	5.1
410	-0.540	37.4
411	-0.728	20.7
412	-0.783	62.9
413	-0.300	1.6
414	-0.327	52.2
415	-0.452	58.0
416	-0.702	12.1
417	-0.357	5.7
418	-0.337	7.7
419	-0.479	25.6
420	-0.360	48.4
421	-0.482	64.3
422	-0.773	6.9
423	-0.075	57.4
424	-0.173	57.7
425	-0.736	0.0
426	-0.824	42.2
427	-0.661	74.6
428	-0.477	45.8
429	-0.367	68.5
430	-0.537	50.0
431	-0.838	40.0
432	-0.305	21.0
433	-0.235	25.7
434	-0.268	8.1
435	-0.327	21.4
436	-0.341	15.9
437	-0.644	30.5
438	-0.134	53.2
439	-0.304	10.1
440	-0.818	46.9
441	-0.719	13.3
442	-0.521	28.5
443	-0.761	23.1
444	-0.081	57.1
445	-0.788	32.9
446	-0.600	57.7
447	-0.514	21.9
448	-0.739	25.2
449	-0.601	26.5
450	-0.693	34.0
451	-0.438	26.0
452	-0.527	59.3
453	-0.880	15.0
454	-0.655	3.2
455	-0.463	65.1
456	-0.852	17.3
457	-0.368	21.5
458	-0.608	39.8
459	-0.531	34.0
460	-0.865	37.2
461	-0.758	49.4
462	-0.725	5.7
463	-0.664	60.0
464	-0.852	6.8
465	-0.634	34.2
466	-0.379	23.1
467	-0.525	71.6
468	-0.881	65.0
469	-0.417	41.2
470	-0.487	33.8
471	-0.414	11.1
472	-0.560	2.7
473	-0.646	27.2
474	-0.550	10.9
475	-0.875	71.8
476	-0.451	16.4
477	-0.695	54.5
478	-0.735	49.1
479	-0.857	38.6
480	-0.423	68.9
481	-0.665	16.3
482	-0.683	9.1
483	-0.545	75.0
484	-0.637	55.6
485	-0.786	5.9
486	-0.462	23.6
487	-0.489	33.8
488	-0.599	13.0
489	-0.728	9.5
490	-0.663	4.2
491	-0.775	35.9
492	-0.606	0.9
493	-0.872	0.1
494	-0.573	29.2
495	-0.494	26.8
496	-0.458	40.7
497	-0.716	77.4
498	-0.486	45.4
499	-0.718	33.4
500	-0.633	65.6
501	-0.581	2.6
502	-0.643	5.5
503	-0.716	33.7
504	-0.282	1.9
505	-0.410	7.6
506	-0.410	35.0
507	-0.109	10.3
508	-0.557	9.6
509	-0.329	2.5
510	-0.229	47.5
511	-0.381	39.1
512	-0.713	3.9
513	-0.603	7.7
514	-0.263	46.8
515	-0.559	27.4
516	-0.444	43.0
517	-0.151	44.4
518	-0.280	67.7
519	-0.636	68.7
520	-1.006	28.7
521	-0.461	63.6
522	-0.522	31.8
523	-0.519	25.9
524	-0.709	37.2
525	-0.830	30.5
526	-0.647	5.8
527	-0.295	44.6
528	-0.627	18.5
529	-0.658	10.4
530	-0.255	32.9
531	-0.285	68.3
532	-0.688	37.4
533	-0.328	50.7
534	-0.679	12.3
535	0.010	16.1
536	-0.573	22.9
537	-0.735	61.8
538	-0.447	44.9
539	-0.587	25.9
540	-0.680	9.5
541	-0.621	38.6
542	-0.532	55.1
543	-0.514	6.4
544	-0.543	19.5
545	-0.701	29.2
546	-0.878	6.6
547	-0.500	68.4
548	-0.551	16.3
549	-0.203	22.6
550	-0.675	49.7
551	-0.491	5.9
552	-0.736	49.5
553	-0.811	64.6
554	-0.629	49.7
555	-0.700	65.4
556	-0.327	21.8
557	-0.430	25.8
558	-0.491	18.0
559	-0.766	10.4
560	-0.291	54.0
561	-0.527	4.0
562	-0.469	59.4
563	-0.476	24.8
564	-0.278	45.6
565	-0.658	12.0
566	-0.817	39.5
567	-0.669	5.0
568	-0.641	8.8
569	-0.500	71.2
570	-0.358	50.5
571	-0.789	34.6
572	-0.688	27.2
573	-0.164	62.6
574	-0.436	63.0
575	-0.665	2.4
576	-0.337	63.8
577	-0.284	60.9
578	-0.173	70.7
579	-0.439	24.5
580	-0.721	57.8
581	-0.427	32.7
582	-0.299	37.7
583	-0.895	21.6
584	-0.134	55.4
585	-0.859	43.7
586	-0.560	32.8
587	-0.838	12.3
588	-0.242	19.9
589	-0.051	41.5
590	-0.701	0.0
591	-0.542	34.6
592	-0.564	19.6
593	-0.019	42.3
594	-0.487	26.1
595	-0.604	53.8
596	-0.452	19.0
597	-0.511	20.9
598	-0.346	53.1
599	-0.287	22.0
600	-0.599	19.6
601	-0.736	52.6
602	-0.758	53.4
603	-0.510	21.3
604	-0.674	4.9
605	-0.981	38.8
606	-0.915	43.0
607	-0.459	42.9
608	-0.744	32.6
609	-0.772	21.2
610	-0.444	10.1
611	-0.356	16.3
612	-0.429	60.8
613	-0.802	3.4
614	-0.605	16.2
615	-0.356	6.5
616	-0.764	35.7
617	-0.304	28.4
618	-0.678	2.2
619	-0.846	44.3
620	-0.906	19.5
621	-0.520	17.8
622	-0.597	20.7
623	-0.735	18.9
624	-0.704	28.0
625	-0.108	34.3
626	-0.459	11.5
627	-0.850	31.4
628	-0.371	38.2
629	-0.562	18.4
630	-0.812	6.4
631	-0.836	47.5
632	-0.806	14.1
633	-0.886	23.0
634	-0.994	48.3
635	-0.328	31.5
636	-0.901	11.4
637	-0.624	17.8
638	-0.721	14.5
639	-0.425	40.1
640	-0.402	43.5
641	-0.447	25.6
642	-0.532	48.9
643	-0.566	53.6
644	-0.510	3.2
645	-0.730	36.7
646	-0.836	3.8
647	-0.614	26.0
648	-0.529	29.5
649	-0.495	4.6
650	-0.227	44.1
651	-0.393	23.4
652	-0.804	7.6
653	-0.421	4.3
654	-0.768	37.0
655	-0.393	60.3
656	-0.443	41.0
657	-0.782	48.2
658	-0.519	54.9
659	-0.863	22.3
660	-0.734	5.7
661	-0.793	16.7
662	-0.865	26.9
663	-0.835	26.9
664	-0.616	37.6
665	-0.220	38.7
666	-0.675	41.9
667	-0.641	59.2
668	-0.019	48.5
669	-0.306	25.6
670	-0.512	53.8
671	-0.496	46.6
672	-0.412	33.8
673	-0.657	69.7
674	-0.393	22.3
675	-0.698	18.7
676	-0.320	28.4
677	-0.564	21.8
678	-0.587	4.1
679	-0.307	32.1
680	-0.622	37.7
681	-0.735	7.1
682	-0.741	36.3
683	-0.668	39.4
684	-0.743	13.4
685	-0.835	46.6
686	-0.904	28.8
687	-0.802	28.8
688	-0.674	10.5
689	-0.522	21.8
690	-0.613	34.5
691	-0.516	39.0
692	-0.762	1.6
693	-1.063	33.9
694	-0.505	51.8
695	-0.481	14.6
696	-0.691	25.9
697	-0.634	58.7
698	-0.227	51.4
699	-0.484	13.8
700	-0.375	73.6
701	-0.202	3.7
702	-0.518	15.6
703	-0.514	68.2
704	-0.335	19.2
705	-0.635	4.9
706	-0.565	14.0
707	-0.586	4.3
708	-0.514	47.2
709	-0.769	40.4
710	-0.508	8.0
711	-0.842	70.5
712	-0.169	2.8
713	-0.571	9.9
714	-0.591	11.9
715	-0.171	60.1
716	-0.462	65.5
717	-0.533	17.5
718	-0.580	46.4
719	-0.735	17.2
720	-0.913	1.7
721	-0.699	9.4
722	-0.472	9.2
723	-0.355	27.3
724	-0.516	64.0
725	-0.551	15.2
726	-0.367	21.5
727	-0.295	5.3
728	-0.030	8.9
729	-0.692	7.7
730	-0.293	27.9
731	-0.121	2.0
732	-0.566	46.4
733	-0.773	53.5
734	-0.448	12.3
735	-0.879	50.4
736	-0.403	18.9
737	-0.819	56.0
738	-0.703	50.8
739	-0.633	2.2
740	-0.525	22.2
741	-0.524	54.8
742	-0.439	50.9
743	-0.985	48.4
744	-0.441	43.0
745	-0.454	17.8
746	-0.657	4.2
747	-0.482	58.9
748	-0.029	43.7
749	-0.606	0.3
750	-0.326	57.1
751	-0.842	14.6
752	-0.218	22.5
753	-0.903	11.9
754	-0.601	0.2
755	-0.348	9.7
756	-0.561	6.1
757	-0.579	4.6
758	-0.373	19.1
759	-0.696	44.8
760	-0.676	22.9
761	-0.308	46.8
762	-0.541	66.0
763	-0.562	37.6
764	-0.456	20.5
765	-0.624	17.6
766	-0.556	17.0
767	-0.653	55.0
768	-0.533	54.7
769	-0.421	38.8
770	-0.621	9.6
771	-0.492	17.8
772	-0.428	25.7
773	-0.132	13.8
774	-0.206	14.0
775	-0.688	54.2
776	-0.545	17.8
777	-0.543	4.9
778	-0.445	47.0
779	-0.534	19.0
780	-0.392	60.9
781	-0.296	30.3
782	-0.113	49.5
783	-0.512	33.6
784	-0.343	36.5
785	-0.568	41.1
786	-0.422	37.6
787	-0.551	59.4
788	-0.742	51.0
789	-0.754	9.6
790	-0.685	55.8
791	-0.868	39.5
792	-0.626	56.1
793	-0.654	47.7
794	-0.479	52.0
795	-0.537	30.0
796	-0.323	10.5
797	-0.470	9.9
798	-0.411	25.7
799	-0.555	52.2
800	-0.383	38.7
801	-0.806	10.2
802	-0.653	36.0
803	-0.606	64.3
804	-0.415	12.3
805	-0.238	64.1
806	-0.740	36.2
807	-0.492	52.3
808	-0.755	63.4
809	-0.664	3.8
810	-0.638	65.8
811	-0.637	23.4
812	-0.581	49.9
813	-0.434	2.0
814	-0.676	36.9
815	-0.150	24.3
816	-0.536	17.6
817	-0.946	54.0
818	-0.849	30.1
819	-0.624	58.9
820	-0.514	43.4
821	-0.321	25.9
822	-0.895	47.5
823	-0.491	44.9
824	-0.317	42.5
825	-0.716	55.8
826	-0.633	2.6
827	-0.858	12.9
828	-0.338	4.5
829	-0.184	32.3
830	-0.767	63.4
831	-1.019	15.2
832	-0.775	3.6
833	-0.490	4.2
834	-0.605	17.7
835	-0.758	64.1
836	-0.688	36.9
837	-0.731	10.7
838	-0.517	61.5
839	-0.601	52.0
840	-0.302	33.7
841	-0.639	45.7
842	-0.929	51.2
843	-0.316	45.2
844	-0.933	42.0
845	-0.632	19.3
846	-0.731	54.0
847	-0.617	5.9
848	-0.793	13.5
849	-0.418	32.0
850	-1.066	5.3
851	-0.392	1.7
852	-0.395	11.6
853	-0.595	12.0
854	-0.822	33.4
855	-0.759	32.5
856	-0.636	8.3
857	-0.380	0.1
858	-0.439	17.0
859	-0.547	33.0
860	-0.518	58.8
861	-0.172	42.4
862	-0.517	11.7
863	-0.864	23.4
864	-0.257	20.6
865	-0.713	33.7
866	-0.728	4.9
867	-0.653	41.9
868	-0.686	26.6
869	-0.721	64.9
870	-0.513	31.4
871	-0.426	1.8
872	-0.703	14.1
873	-0.604	38.2
874	-0.104	5.5
875	-0.437	60.6
876	-0.746	6.2
877	-0.349	17.3
878	-0.620	33.1
879	-0.716	25.9
880	-0.723	13.0
881	-0.664	37.7
882	-0.303	41.6
883	-0.411	61.5
884	-0.591	59.9
885	-0.576	53.6
886	-0.711	63.9
887	-0.793	47.3
888	-0.247	62.9
889	-0.310	52.5
890	-0.472	38.4
891	-0.360	48.0
892	-0.565	34.2
893	-0.462	26.7
894	-0.549	27.9
895	-0.390	13.6
896	-0.547	4.3
897	-0.668	7.3
898	-0.430	22.3
899	-0.779	15.5
900	-0.368	49.1
901	-0.225	42.6
902	-0.485	32.6
903	-0.667	42.5
904	-0.748	62.5
905	-0.630	11.8
906	-0.626	34.3
907	-0.532	69.1
908	-0.420	22.0
909	-0.599	35.8
910	-0.579	2.7
911	-0.436	43.1
912	-0.469	40.3
913	-0.742	8.6
914	-0.257	4.2
915	-0.589	18.0
916	-0.671	73.5
917	-0.345	7.3
918	-0.774	50.2
919	-0.589	58.7
920	-0.605	42.5
921	-0.772	27.7
922	-0.830	60.4
923	-0.311	21.3
924	-0.629	21.8
925	-0.612	63.1
926	-0.547	1.3
927	-0.526	47.8
928	-0.804	26.0
929	-0.805	60.1
930	-0.577	12.2
931	-0.191	64.3
932	-0.694	29.6
933	-0.249	4.5
934	-0.232	37.7
935	-0.682	4.4
936	-0.488	7.2
937	-0.596	52.0
938	-0.487	69.9
939	-0.240	13.2
940	-0.444	58.9
941	-0.737	22.8
942	-0.560	17.9
943	-0.608	20.8
944	-0.563	25.1
945	-0.186	19.7
946	-0.445	44.7
947	-0.427	0.3
948	-0.490	59.9
949	-0.587	13.0
950	-0.799	45.1
951	-0.620	25.9
952	-0.493	50.3
953	-0.236	38.9
954	-0.259	31.9
955	-0.071	76.4
956	-0.819	43.1
957	-0.201	55.7
958	-0.545	58.3
959	-0.663	40.2
960	-0.512	62.6
961	-0.525	0.7
962	-0.270	28.6
963	-0.908	3.2
964	-0.287	55.1
965	-0.515	52.6
966	-0.179	41.9
967	-0.991	24.4
968	-0.562	68.5
969	-0.449	46.0
970	-0.883	29.5
971	-0.542	45.3
972	-0.612	19.2
973	-0.681	1.7
974	-0.545	2.3
975	-0.525	7.0
976	-0.549	18.8
977	-0.663	31.4
978	-0.414	52.7
979	-0.069	34.2
980	-0.610	3.7
981	-0.325	35.3
982	-1.051	34.3
983	-0.792	45.9
984	-0.718	20.4
985	-0.689	3.4
986	-0.560	34.5
987	-0.669	50.6
988	-0.507	12.1
989	-0.887	43.3
990	-0.815	19.4
991	-0.662	54.2
992	-0.560	37.2
993	-0.269	38.3
994	-0.579	13.3
995	-0.560	44.5
996	-0.374	23.7
997	-0.665	1.4
998	-0.616	63.0
999	-0.700	45.5
1000	-0.980	34.5
1001	-0.661	12.1
1002	-0.309	36.2
1003	-0.690	42.8
1004	-0.329	3.4
1005	-0.790	43.0
1006	-0.109	16.3
1007	-0.739	43.0
1008	-0.949	27.9
1009	-0.352	17.3
1010	-0.443	33.4
1011	-0.136	22.0
1012	-0.366	4.4
1013	-0.520	54.9
1014	-0.521	23.3
1015	-0.414	43.6
1016	-0.948	44.6
1017	-0.626	6.2
1018	-0.614	69.2
1019	-0.339	27.5
1020	-0.669	18.2
1021	-0.204	49.8
1022	-0.168	2.4
1023	-0.653	7.5
1024	-0.734	31.7
1025	-0.338	1.2
1026	-0.915	1.7
1027	-0.109	1.8
1028	-0.338	15.5
1029	-0.553	26.5
1030	-0.608	16.7
1031	-0.311	42.3
1032	-0.397	29.6
1033	-0.924	38.8
1034	-0.955	44.1
1035	-0.434	50.0
1036	-0.731	8.6
1037	-0.619	7.3
1038	-0.496	9.6
1039	-0.507	59.9
1040	-0.271	18.2
1041	-0.380	67.7
1042	-0.752	11.8
1043	-0.453	63.1
1044	-0.167	63.9
1045	-0.674	37.9
1046	-0.798	11.9
1047	-0.401	41.5
1048	-0.532	40.8
1049	-0.427	17.5
1050	-0.620	14.4
1051	-0.245	72.0
1052	-0.418	52.1
1053	-0.446	22.0
1054	-0.646	23.1
1055	-1.041	6.9
1056	-0.873	17.6
1057	-1.070	26.5
1058	-0.556	7.8
1059	-0.539	32.1
1060	-0.342	64.1
1061	-0.279	1.1
1062	-0.471	55.8
1063	-0.533	62.2
1064	-0.689	30.6
1065	-0.400	49.4
1066	-0.417	33.8
1067	-0.453	41.0
1068	-0.619	17.9
1069	-0.457	29.9
1070	-0.585	21.5
1071	-0.509	51.5
1072	-0.642	16.0
1073	-0.520	7.8
1074	-0.687	23.6
1075	-0.139	51.5
1076	-0.747	29.5
1077	-0.798	49.0
1078	-0.746	4.2
1079	-0.122	49.6
1080	-0.458	52.3
1081	-0.521	24.5
1082	-0.240	7.4
1083	-0.469	0.9
1084	-0.516	26.4
1085	-0.363	9.8
1086	-0.406	49.0
1087	-0.463	36.8
1088	-0.744	60.7
1089	0.037	13.1
1090	-0.516	60.2
1091	-0.379	24.7
1092	-0.758	46.2
1093	-1.299	11.7
1094	-0.634	16.9
1095	-0.253	15.9
1096	-0.353	29.3
1097	-0.307	69.3
1098	-0.389	67.0
1099	-1.024	48.9
1100	-0.690	24.7
1101	-1.089	57.8
1102	-0.792	38.0
1103	-0.286	25.4
1104	-0.504	56.5
1105	-0.492	10.3
1106	-0.482	11.2
1107	-0.645	26.8
1108	-0.191	39.1
1109	-0.382	29.9
1110	-0.698	19.9
1111	-1.011	45.8
1112	-0.671	48.5
1113	-0.467	45.2
1114	-0.562	29.9
1115	-1.058	5.5
1116	-0.526	36.2
1117	-0.745	51.7
1118	-0.569	59.3
1119	-0.778	19.6
1120	-0.813	19.6
1121	-0.909	14.6
1122	-0.578	62.7
1123	-0.530	3.2
1124	-0.252	0.1
1125	-0.864	17.6
1126	-0.437	3.5
1127	-0.849	42.5
1128	-0.272	67.3
1129	-0.430	41.5
1130	-0.371	54.6
1131	-0.889	32.8
1132	-0.790	43.8
1133	-0.872	33.5
1134	-0.543	29.6
1135	-0.299	15.6
1136	-0.945	36.5
1137	-0.413	5.8
1138	-0.460	8.8
1139	-1.031	26.7
1140	-0.360	35.2
1141	-0.716	62.8
1142	-0.171	23.6
1143	-0.660	22.9
1144	-0.524	25.6
1145	-0.896	59.8
1146	-0.660	8.9
1147	-0.726	8.6
1148	-0.578	0.6
1149	-0.433	10.4
1150	-0.959	26.6
1151	-0.660	32.0
1152	-0.765	14.7
1153	-0.528	45.8
1154	-0.709	10.7
1155	-0.207	56.1
1156	-0.406	48.2
1157	-0.400	19.2
1158	-0.630	5.9
1159	-0.397	9.1
1160	-0.387	29.2
1161	-0.786	2.6
1162	-0.829	37.9
1163	-0.623	8.1
1164	-0.884	25.3
1165	-0.636	0.2
1166	-0.458	21.4
1167	-0.414	41.8
1168	-0.530	32.8
1169	-0.298	67.0
1170	-0.950	70.8
1171	-0.932	63.4
1172	-0.522	4.3
1173	-0.549	39.2
1174	-0.674	69.1
1175	-0.592	3.7
1176	-0.874	51.3
1177	-0.955	38.7
1178	-0.660	9.3
1179	-0.831	37.0
1180	-0.272	26.5
1181	-0.442	39.7
1182	-0.553	8.3
1183	-0.338	70.3
1184	-0.573	44.9
1185	-1.016	18.1
1186	-0.662	60.7
1187	-0.473	6.7
1188	-0.417	4.3
1189	-0.627	49.2
1190	-0.347	12.4
1191	-0.534	53.5
1192	-0.567	37.0
1193	-0.241	55.9
1194	-0.701	59.8
1195	-0.808	61.6
1196	-0.686	39.9
1197	-0.651	5.8
1198	-0.357	69.7
1199	-0.890	1.4
1200	-0.697	34.0
1201	-0.758	42.1
1202	-0.671	34.9
1203	-0.828	49.1
1204	-0.900	0.7
1205	-0.809	46.6
1206	-0.477	48.2
1207	-0.862	19.6
1208	-0.565	64.9
1209	-0.365	17.0
1210	-0.852	11.3
1211	-0.283	6.5
1212	-0.699	58.5
1213	-0.522	45.4
1214	-0.989	61.0
1215	-0.553	33.6
1216	-0.522	54.2
1217	-0.652	9.0
1218	-0.849	24.5
1219	-0.667	49.1
1220	-0.554	2.5
1221	-0.693	49.4
1222	-0.649	5.9
1223	-0.324	15.9
1224	-1.015	19.5
1225	-0.832	29.5
1226	-0.180	38.0
1227	-0.715	40.0
1228	-0.429	29.8
1229	-0.599	39.9
1230	-0.564	36.1
1231	-0.573	28.0
1232	-0.887	22.2
1233	-0.413	21.5
1234	-0.560	35.8
1235	-0.686	59.1
1236	-0.352	4.2
1237	-0.543	14.8
1238	-0.086	65.0
1239	-0.682	11.6
1240	-0.736	7.9
1241	-0.591	19.6
1242	-0.338	61.7
1243	-0.674	43.5
1244	-0.643	40.8
1245	-0.685	8.1
1246	-0.518	14.5
1247	-0.531	5.9
1248	-0.694	48.0
1249	-0.156	44.0
1250	-0.715	28.6
1251	-0.628	35.9
1252	-0.810	57.9
1253	-0.648	38.4
1254	-0.141	35.3
1255	-0.399	24.5
1256	-0.305	64.9
1257	-0.592	47.0
1258	-0.545	13.5
1259	-0.542	52.7
1260	-0.181	11.8
1261	-0.578	37.5
1262	-0.431	68.4
1263	-0.448	9.3
1264	-0.256	16.0
1265	-0.312	60.9
1266	-0.914	21.1
1267	-0.858	29.1
1268	-0.490	28.7
1269	-0.574	65.7
1270	-0.707	58.2
1271	-0.261	18.1
1272	-0.656	58.3
1273	-0.734	30.0
1274	-0.319	27.9
1275	-0.559	2.3
1276	-0.359	12.5
1277	-0.486	27.2
1278	-0.538	28.4
1279	-0.015	38.9
1280	-0.423	49.4
1281	-0.237	10.3
1282	-0.580	15.8
1283	-0.462	27.9
1284	-0.545	9.0
1285	-0.825	52.9
1286	-0.870	63.5
1287	-0.879	6.4
1288	-0.495	13.6
1289	-0.815	25.5
1290	-0.687	7.7
1291	-0.391	40.4
1292	-0.250	24.1
1293	-0.398	59.8
1294	-0.386	8.4
1295	-0.391	33.9
1296	-0.178	21.0
1297	-0.863	43.3
1298	-0.575	22.8
1299	-0.348	26.1
1300	-1.025	37.3
1301	-0.154	3.8
1302	-0.526	46.4
1303	-0.442	26.6
1304	-0.579	46.6
1305	-0.307	11.3
1306	-0.146	46.4
1307	-0.473	13.4
1308	-0.549	59.0
1309	-0.542	26.3
1310	-0.286	13.1
1311	-0.479	68.4
1312	-0.125	52.5
1313	-0.851	12.3
1314	-0.924	13.0
1315	-1.050	28.4
1316	-0.397	19.7
1317	-0.489	4.3
1318	-0.522	43.3
1319	-0.404	51.6
1320	-0.573	48.3
1321	-0.753	34.1
1322	-0.476	8.7
1323	-0.692	25.8
1324	-0.805	9.4
1325	-0.257	53.2
1326	-0.340	49.6
1327	-0.571	66.3
1328	-0.334	45.2
1329	-0.720	26.2
1330	-0.552	52.2
1331	-0.502	21.0
1332	-0.971	1.7
1333	-0.549	26.5
1334	-0.381	24.6
1335	-0.681	8.4
1336	-0.411	19.5
1337	-0.463	32.0
1338	-0.548	8.8
1339	-0.357	32.0
1340	-0.156	38.9
1341	-0.422	55.5
1342	-0.894	50.5
1343	-0.955	64.5
1344	-0.217	52.2
1345	-0.864	1.8
1346	-0.564	43.7
1347	-0.134	61.9
1348	-0.641	26.4
1349	-0.671	56.7
1350	-0.172	7.9
1351	-0.533	21.5
1352	-0.288	56.5
1353	-0.691	67.6
1354	-0.544	73.3
1355	-0.826	53.1
1356	-0.992	28.6
1357	-0.556	4.8
1358	-0.337	39.5
1359	-0.798	27.7
1360	-0.642	55.8
1361	-0.822	44.0
1362	-0.177	54.5
1363	-0.742	21.0
1364	-0.565	66.4
1365	-0.586	30.0
1366	-0.467	4.8
1367	-0.508	64.6
1368	-0.551	23.1
1369	-0.317	46.0
1370	-0.443	56.4
1371	-0.719	1.3
1372	-0.160	11.8
1373	-0.632	9.3
1374	-0.388	8.8
1375	-0.535	6.1
1376	-0.363	26.4
1377	-0.464	29.5
1378	-0.533	55.8
1379	-0.357	41.9
1380	-0.488	65.5
1381	-0.521	7.4
1382	-0.521	19.6
1383	-0.600	12.8
1384	-0.512	52.0
1385	-0.574	35.2
1386	-0.105	34.5
1387	-0.501	7.9
1388	-1.009	51.8
1389	-0.608	46.3
1390	-0.306	52.0
1391	-0.419	40.6
1392	-0.620	47.6
1393	-0.670	18.5
1394	-0.574	15.8
1395	-0.235	51.0
1396	-0.435	13.6
1397	-0.764	1.5
1398	-0.570	24.5
1399	-0.621	15.3
1400	-0.473	71.6
1401	-0.233	47.7
1402	-0.553	14.3
1403	-0.306	19.1
1404	-0.504	16.3
1405	-0.488	20.3
1406	-0.568	32.4
1407	-0.602	27.0
1408	-0.582	42.9
1409	-0.147	28.3
1410	-0.661	31.6
1411	-0.330	10.8
1412	-0.390	7.6
1413	-0.417	39.8
1414	-0.762	2.9
1415	-0.793	25.9
1416	-0.466	39.2
1417	-0.330	42.7
1418	-0.578	48.2
1419	-0.525	27.4
1420	-0.564	10.9
1421	-0.718	4.9
1422	-0.753	15.5
1423	-0.823	54.7
1424	-0.650	38.7
1425	-0.526	23.1
1426	-0.555	14.8
1427	-0.446	54.2
1428	-0.517	40.3
1429	-0.358	53.1
1430	-0.879	34.6
1431	-0.420	23.5
1432	-0.379	33.4
1433	-0.278	38.9
1434	-0.456	19.9
1435	-0.702	19.7
1436	-0.899	3.3
1437	-0.303	42.6
1438	-0.661	47.5
1439	-0.515	6.4
1440	-0.685	55.7
1441	-0.667	28.6
1442	-0.371	7.6
1443	-0.582	53.4
1444	-0.491	7.7
1445	-0.669	48.5
1446	-0.312	23.4
1447	-0.797	2.6
1448	-0.650	6.8
1449	-0.391	41.0
1450	-0.494	14.4
1451	-0.423	5.9
1452	-0.760	14.1
1453	-0.693	52.6
1454	-0.762	56.7
1455	-0.517	66.5
1456	-0.922	73.8
1457	-0.644	35.8
1458	-0.789	43.6
1459	-0.782	18.6
1460	-0.452	47.8
1461	-0.466	9.9
1462	-0.861	10.6
1463	-0.618	18.4
1464	-0.927	20.7
1465	-0.454	32.5
1466	-0.366	56.6
1467	-0.271	21.1
1468	-0.883	26.0
1469	-0.637	61.2
1470	-0.582	3.2
1471	-0.515	41.6
1472	-0.566	5.3
1473	-0.282	42.7
1474	-0.286	35.6
1475	-0.514	13.0
1476	-0.443	65.2
1477	-0.771	17.1
1478	-0.176	20.7
1479	-0.648	16.6
1480	-0.322	25.4
1481	-0.510	60.4
1482	-0.602	42.7
1483	-0.482	48.4
1484	-0.279	19.8
1485	-0.558	25.6
1486	-0.322	26.9
1487	-0.660	52.2
1488	-0.566	33.1
1489	-0.465	41.1
1490	-0.365	31.9
1491	-0.514	8.5
1492	-0.365	47.5
1493	-0.164	18.6
1494	-0.641	11.5
1495	-0.601	8.6
1496	-0.446	11.8
1497	-0.112	13.0
1498	-0.676	67.9
1499	-0.199	10.6
1500	-0.491	28.5
1501	-0.191	38.7
1502	-0.791	51.9
1503	-0.685	72.8
1504	-0.424	17.3
1505	-0.761	18.8
1506	-0.532	16.3
1507	-0.351	38.5
1508	-0.582	8.0
1509	-0.717	26.8
1510	-0.258	55.7
1511	-0.900	64.8
1512	-0.549	16.2
1513	-0.551	42.2
1514	-0.413	31.6
1515	-0.451	14.0
1516	-0.574	5.3
1517	-0.255	36.9
1518	-0.577	21.4
1519	-0.201	2.3
1520	-0.599	51.0
1521	-0.559	48.3
1522	-0.634	52.4
1523	-0.587	38.7
1524	-0.377	24.3
1525	-0.860	29.0
1526	-0.747	25.6
1527	-0.783	20.3
1528	-0.274	18.1
1529	-0.915	20.2
1530	-0.476	18.0
1531	-0.825	1.7
1532	-0.670	67.2
1533	-0.710	25.4
1534	-0.693	30.8
1535	-0.512	45.0
1536	-0.711	6.1
1537	-0.392	8.4
1538	-0.658	63.8
1539	-0.332	64.3
1540	-0.029	55.3
1541	-0.553	41.5
1542	-0.299	59.0
1543	-0.444	2.1
1544	-0.491	10.2
1545	-0.730	3.6
1546	-0.887	13.3
1547	-0.443	27.2
1548	-0.300	28.7
1549	-0.647	11.5
1550	-0.518	64.4
1551	-0.668	45.8
1552	-0.468	21.5
1553	-0.286	60.3
1554	-0.210	21.3
1555	-0.878	34.9
1556	-0.431	11.8
1557	-0.521	31.8
1558	-0.681	34.0
1559	-0.749	31.7
1560	-0.649	20.5
1561	-0.364	35.9
1562	-0.537	38.2
1563	-0.410	0.4
1564	-0.872	33.4
1565	-0.175	31.1
1566	-0.506	41.5
1567	-0.777	78.2
1568	-0.603	5.3
1569	-0.365	50.3
1570	-0.935	36.6
1571	-0.402	69.0
1572	-0.945	81.6
1573	-0.327	58.1
1574	-0.963	42.6
1575	-0.439	55.6
1576	-0.299	2.7
1577	-0.920	40.8
1578	-0.612	38.5
1579	-1.121	43.4
1580	-0.860	15.8
1581	-0.323	19.5
1582	-0.544	30.8
1583	-0.242	34.7
1584	-0.268	45.1
1585	-0.541	8.3
1586	-0.528	37.6
1587	-0.658	27.7
1588	-0.405	32.1
1589	-0.359	11.1
1590	-0.622	22.7
1591	-0.559	43.9
1592	-0.793	51.8
1593	-0.681	57.4
1594	-0.747	9.5
1595	-0.355	36.1
1596	-0.507	14.8
1597	-0.383	39.0
1598	-0.874	21.9
1599	-0.606	34.2
1600	-0.585	0.3
1601	-0.670	16.4
1602	-0.588	5.6
1603	-0.259	29.5
1604	-0.518	18.8
1605	-0.459	13.0
1606	-0.610	4.7
1607	-0.208	23.5
1608	-0.646	16.5
1609	-0.524	42.4
1610	-0.596	23.4
1611	-0.598	30.6
1612	-0.688	16.0
1613	-0.322	11.3
1614	-0.649	66.3
1615	-0.346	46.3
1616	-0.385	40.5
1617	-0.447	4.9
1618	-0.554	20.1
1619	-0.413	7.6
1620	-0.784	60.6
1621	-0.876	44.4
1622	-1.029	3.8
1623	-0.706	10.3
1624	-0.638	63.7
1625	-0.885	55.3
1626	-0.499	7.3
1627	-0.926	52.5
1628	-0.175	57.9
1629	-0.412	37.1
1630	-0.372	17.2
1631	-0.690	14.7
1632	-0.538	48.9
1633	-0.620	7.2
1634	-0.733	43.9
1635	-0.059	37.0
1636	-0.715	35.8
1637	-0.606	2.2
1638	-0.900	13.1
1639	-0.306	57.7
1640	-0.642	67.5
1641	-0.679	15.0
1642	-0.576	50.7
1643	-0.321	44.7
1644	-0.821	44.6
1645	-0.684	52.4
1646	-0.353	35.5
1647	-0.565	15.1
1648	-0.181	23.5
1649	-0.545	11.3
1650	-0.662	32.2
1651	-0.852	64.1
1652	-0.578	5.1
1653	-0.313	58.4
1654	-0.567	46.2
1655	-0.461	43.7
1656	-0.750	22.9
1657	-0.380	37.9
1658	-0.723	7.3
1659	-0.315	51.5
1660	-0.522	22.7
1661	-0.540	68.4
1662	-0.864	31.0
1663	-0.634	11.9
1664	-0.644	40.2
1665	-0.727	20.5
1666	-0.733	0.7
1667	-0.818	55.0
1668	-0.703	63.6
1669	-0.650	15.9
1670	-0.539	24.0
1671	-0.357	20.7
1672	-0.222	10.9
1673	-0.411	8.2
1674	-0.363	44.8
1675	-0.572	21.5
1676	-0.404	23.0
1677	-0.344	50.3
1678	-0.439	16.0
1679	-0.586	8.5
1680	-0.625	46.5
1681	-0.557	20.8
1682	-0.451	27.4
1683	-0.770	2.6
1684	-1.017	16.9
1685	-0.826	49.6
1686	-0.809	37.7
1687	-0.476	4.8
1688	-0.447	44.3
1689	-0.732	40.0
1690	-0.621	20.6
1691	-0.699	17.8
1692	-0.628	69.0
1693	-0.644	25.4
1694	-0.563	6.2
1695	-0.670	48.8
1696	-0.494	37.2
1697	-0.636	43.0
1698	-0.487	9.3
1699	-0.260	55.0
1700	-0.376	15.6
1701	-0.600	12.5
1702	-0.372	3.0
1703	-0.010	64.6
1704	-0.367	42.1
1705	-0.546	36.3
1706	-0.600	33.5
1707	-0.309	56.1
1708	-0.626	31.4
1709	-0.904	53.3
1710	-0.564	58.6
1711	-0.291	23.1
1712	-0.801	8.7
1713	-0.557	4.2
1714	-0.621	49.6
1715	-0.559	58.3
1716	-0.068	19.2
1717	-0.308	70.6
1718	-0.477	61.8
1719	-0.127	64.7
1720	-0.598	28.3
1721	-0.807	22.9
1722	-0.638	31.3
1723	-1.025	26.5
1724	-0.447	29.9
1725	-0.490	43.0
1726	-0.339	71.6
1727	-0.474	1.4
1728	-0.613	2.1
1729	-0.426	56.3
1730	-0.448	37.7
1731	-0.783	13.0
1732	-0.647	33.1
1733	-0.442	35.9
1734	-0.524	19.2
1735	-0.757	3.3
1736	-0.662	9.4
1737	-0.616	2.2
1738	-0.790	36.5
1739	-0.648	22.0
1740	-0.596	6.9
1741	-0.117	51.7
1742	-0.322	16.3
1743	-0.565	59.5
1744	-0.433	43.0
1745	-0.512	48.3
1746	-0.917	25.1
1747	-0.776	41.2
1748	-0.606	4.1
1749	-0.465	33.9
1750	-0.326	9.2
1751	-0.538	46.3
1752	-0.225	49.5
1753	-0.328	32.8
1754	-0.623	42.5
1755	-0.462	39.2
1756	-0.471	12.9
1757	-0.561	18.4
1758	-0.519	19.1
1759	-0.652	22.5
1760	-0.431	18.9
1761	-0.468	17.8
1762	-0.777	21.8
1763	-0.664	21.2
1764	-0.705	48.7
1765	-0.590	76.0
1766	-0.299	18.8
1767	-0.406	57.9
1768	-0.594	10.7
1769	-0.489	30.3
1770	-0.336	23.3
1771	-0.555	11.0
1772	-0.366	14.0
1773	-0.905	40.7
1774	-0.680	7.5
1775	-0.474	38.6
1776	-0.800	63.6
1777	-0.331	17.1
1778	-0.710	59.8
1779	-0.402	12.2
1780	-0.567	38.4
1781	-0.465	21.7
1782	-0.754	31.2
1783	-0.599	31.0
1784	-0.325	31.3
1785	-0.423	33.4
1786	-0.267	26.0
1787	-0.448	64.5
1788	-0.672	54.9
1789	-0.746	5.8
1790	-0.470	55.0
1791	-0.821	19.7
1792	-0.779	31.8
1793	-0.944	26.4
1794	-0.297	4.2
1795	-0.383	47.0
1796	-0.490	0.4
1797	-0.565	62.0
1798	-0.368	16.4
1799	-0.726	56.4
1800	-0.500	2.9
1801	-0.464	26.1
1802	-0.252	37.9
1803	-0.709	65.7
1804	-0.682	31.4
1805	-0.852	42.2
1806	-0.408	24.1
1807	-0.697	37.5
1808	-0.658	23.4
1809	-0.606	2.9
1810	-0.672	29.6
1811	-0.658	2.2
1812	-0.287	60.8
1813	-0.725	2.7
1814	-0.480	21.4
1815	-0.483	40.6
1816	-0.821	48.4
1817	-0.832	25.6
1818	-0.437	57.4
1819	-0.559	61.9
1820	-0.367	35.9
1821	-0.268	48.5
1822	-0.623	5.3
1823	-0.589	11.3
1824	-0.565	18.1
1825	-0.833	15.1
1826	-0.761	73.8
1827	-0.812	72.9
1828	-0.290	19.3
1829	-0.587	0.5
1830	-0.652	30.9
1831	-0.545	63.9
1832	-0.427	23.6
1833	-0.759	55.0
1834	-0.822	18.7
1835	-0.801	16.7
1836	-0.924	43.7
1837	-0.363	45.0
1838	-0.465	29.2
1839	-0.706	13.5
1840	-0.722	51.0
1841	-0.938	22.2
1842	-0.535	59.3
1843	-0.819	30.6
1844	-0.336	27.1
1845	-0.439	35.4
1846	-0.553	3.5
1847	-0.715	54.9
1848	-0.354	80.3
1849	-0.400	26.4
1850	-0.525	36.3
1851	-0.755	21.4
1852	-0.458	30.9
1853	-0.525	19.6
1854	-0.808	21.3
1855	-0.423	42.0
1856	-0.615	8.0
1857	-0.433	35.2
1858	-0.463	30.6
1859	-0.720	36.4
1860	-0.778	15.9
1861	-0.781	14.1
1862	-0.519	30.2
1863	-0.802	25.2
1864	-0.492	67.0
1865	-0.506	19.6
1866	-0.790	13.0
1867	-0.373	14.7
1868	-0.417	41.3
1869	-0.479	46.3
1870	-0.789	4.2
1871	-0.884	1.7
1872	-1.007	10.0
1873	-0.592	24.1
1874	-0.777	38.7
1875	-0.764	5.4
1876	-0.517	50.4
1877	-0.512	6.3
1878	-0.570	65.6
1879	-0.501	27.8
1880	-0.791	22.7
1881	-0.344	47.4
1882	-0.289	11.5
1883	-0.276	31.3
1884	-0.729	30.0
1885	-0.728	28.8
1886	-0.714	49.5
1887	-0.605	18.5
1888	-0.791	46.3
1889	-0.817	20.5
1890	-0.343	18.2
1891	-0.753	58.6
1892	-0.385	51.3
1893	-0.062	33.7
1894	-0.307	12.6
1895	-0.723	9.8
1896	-0.833	47.0
1897	-0.306	5.3
1898	-0.235	70.3
1899	-0.550	54.8
1900	-0.421	27.3
1901	-0.293	22.1
1902	-0.215	0.3
1903	-0.851	71.4
1904	-0.434	11.2
1905	-0.423	37.8
1906	-0.437	5.3
1907	-0.289	24.8
1908	-0.698	6.3
1909	-0.924	7.2
1910	-1.032	60.2
1911	-0.235	33.0
1912	-0.730	12.3
1913	-0.146	40.6
1914	-0.751	12.6
1915	-0.861	35.4
1916	-0.719	4.1
1917	-0.528	27.8
1918	-0.238	27.0
1919	-0.426	61.4
1920	-0.479	58.1
1921	-0.386	14.4
1922	-0.859	56.3
1923	-0.198	16.8
1924	-0.613	56.1
1925	-1.117	76.8
1926	-0.712	25.5
1927	-0.483	62.5
1928	-0.376	74.7
1929	-0.634	4.0
1930	-0.056	31.1
1931	-0.766	29.4
1932	-0.333	26.6
1933	-0.512	21.6
1934	-0.674	14.3
1935	-0.155	40.6
1936	-0.386	54.7
1937	-0.803	29.8
1938	-1.166	25.3
1939	-0.506	32.7
1940	-0.709	5.9
1941	-0.474	38.7
1942	-0.519	52.7
1943	-0.829	37.7
1944	-0.481	47.8
1945	-0.711	16.8
1946	-0.427	29.5
1947	-0.534	49.6
1948	-0.437	33.8
1949	-0.837	62.8
1950	-0.636	44.0
1951	-0.547	8.2
1952	-0.517	26.8
1953	-1.042	50.5
1954	-0.434	22.3
1955	-0.661	6.5
1956	-0.512	6.7
1957	-0.570	23.3
1958	-0.939	39.2
1959	-0.716	28.6
1960	-0.293	3.9
1961	-0.786	14.6
1962	-0.530	3.0
1963	-0.297	32.5
1964	-0.637	28.7
1965	-0.269	34.6
1966	-0.590	24.2
1967	-0.694	62.8
1968	-0.989	46.0
1969	-0.184	17.8
1970	-0.634	40.3
1971	-0.313	38.6
1972	-0.097	67.6
1973	-0.605	32.6
1974	-0.750	49.9
1975	-0.631	54.3
1976	-1.098	49.9
1977	-0.544	35.6
1978	-0.446	46.1
1979	-0.188	24.8
1980	-0.344	42.9
1981	-0.337	15.8
1982	-0.715	43.7
1983	-0.218	25.3
1984	-0.364	18.6
1985	-0.100	55.5
1986	-0.778	26.8
1987	-0.497	25.0
1988	-0.555	61.6
1989	-0.624	45.9
1990	-0.409	62.9
1991	-0.646	17.8
1992	-0.480	17.7
1993	-0.456	16.9
1994	-0.740	22.6
1995	-0.856	65.4
1996	-0.300	33.6
1997	-0.609	71.4
1998	-0.425	41.7
1999	-0.672	27.8
2000	-0.953	28.1
2001	-0.657	18.4
2002	-0.532	23.5
2003	-0.232	59.7
2004	-0.898	49.8
2005	-0.871	33.5
2006	-0.468	55.3
2007	-0.704	52.1
2008	-0.740	63.9
2009	-0.283	41.7
2010	-0.850	21.9
2011	-0.230	8.8
2012	-0.655	6.3
2013	-0.577	0.7
2014	-0.503	65.4
2015	-0.692	44.4
2016	-0.585	48.1
2017	-0.343	4.6
2018	-0.430	44.5
2019	-0.572	7.0
2020	-0.459	28.3
2021	-0.382	20.1
2022	-0.614	14.3
2023	-0.270	42.4
2024	-0.502	15.8
2025	-0.650	51.7
2026	-0.728	0.6
2027	-0.419	48.1
2028	-0.357	16.1
2029	-0.659	37.7
2030	-0.512	63.0
2031	-0.647	70.8
2032	-0.862	8.9
2033	-0.382	58.4
2034	-0.431	59.1
2035	-0.690	10.1
2036	-0.759	26.1
2037	-0.557	2.6
2038	-0.565	29.2
2039	-0.565	28.2
2040	-0.840	35.4
2041	-0.592	32.4
2042	-0.902	26.7
2043	-0.629	12.2
2044	-0.447	53.7
2045	-0.652	14.4
2046	-0.464	16.9
2047	-0.697	28.6
2048	-0.601	49.9
2049	-0.440	57.1
2050	-0.571	38.2
2051	-0.594	50.6
2052	-0.152	24.0
2053	-0.876	14.7
2054	-0.334	32.8
2055	-0.885	33.1
2056	-0.538	7.9
2057	-0.477	2.2
2058	-0.467	24.2
2059	-0.798	66.0
2060	-0.631	64.2
2061	-0.534	24.3
2062	-0.361	49.2
2063	-0.738	28.4
2064	-0.686	45.5
2065	-0.450	36.1
2066	-0.338	42.1
2067	-0.838	56.8
2068	-0.356	14.8
2069	-0.734	29.8
2070	-0.654	48.3
2071	-0.417	5.3
2072	-0.760	11.2
2073	-0.639	5.5
2074	-0.848	42.8
2075	-0.546	26.0
2076	-0.488	56.6
2077	-0.168	36.7
2078	-0.978	6.3
2079	-0.832	7.4
2080	-1.039	2.5
2081	-0.351	17.2
2082	-0.976	0.6
2083	-0.466	51.7
2084	-0.826	35.2
2085	0.028	35.7
2086	-0.811	11.5
2087	-0.583	40.3
2088	-0.788	53.0
2089	-0.585	52.5
2090	-0.409	39.0
2091	-0.373	11.8
2092	-0.209	33.5
2093	-0.747	60.2
2094	-0.475	27.6
2095	-0.972	29.6
2096	-0.553	26.5
2097	-0.409	3.6
2098	-0.676	14.1
2099	-0.515	46.6
2100	-0.954	28.2
2101	-0.945	5.6
2102	-0.894	12.0
2103	-0.598	2.7
2104	-0.670	22.4
2105	-0.880	22.1
2106	-0.448	0.1
2107	-0.315	13.2
2108	-0.689	25.2
2109	-0.762	22.7
2110	-0.685	15.2
2111	-0.758	14.5
2112	-0.675	63.6
2113	-0.394	6.3
2114	-0.552	51.7
2115	-0.714	17.4
2116	-0.372	4.3
2117	-0.674	61.5
2118	-0.627	45.3
2119	-0.247	1.7
2120	-0.389	23.0
2121	-0.863	30.9
2122	-0.571	0.7
2123	-0.450	1.8
2124	-0.532	3.4
2125	-0.373	25.5
2126	-0.809	62.0
2127	-0.724	0.2
2128	-0.417	27.6
2129	-0.920	43.5
2130	-0.707	50.6
2131	-0.355	40.8
2132	-0.498	64.8
2133	-0.693	24.0
2134	-0.273	28.5
2135	-0.199	54.5
2136	-0.439	68.3
2137	-0.759	40.0
2138	-0.551	36.4
2139	-0.597	46.2
2140	-0.859	23.1
2141	-0.664	54.6
2142	-0.338	8.2
2143	-0.549	74.9
2144	-0.301	57.5
2145	-0.568	20.5
2146	-0.585	26.0
2147	-0.408	8.1
2148	-0.227	46.0
2149	-0.332	41.2
2150	-0.507	31.9
2151	-0.701	31.0
2152	-0.402	20.6
2153	-1.047	53.8
2154	-0.678	24.8
2155	-0.393	51.4
2156	-0.931	28.7
2157	-0.479	61.3
2158	-0.616	30.5
2159	-0.523	24.5
2160	-0.799	56.7
2161	-0.683	42.8
2162	-0.383	52.0
2163	-0.801	52.0
2164	-0.523	39.9
2165	-0.391	21.8
2166	-0.471	45.4
2167	-0.471	27.7
2168	-0.591	20.4
2169	-0.959	48.6
2170	-0.363	18.5
2171	-0.434	3.4
2172	-0.677	29.6
2173	-0.385	58.4
2174	-0.681	41.5
2175	-0.492	30.4
2176	-0.384	2.3
2177	-0.519	45.7
2178	-0.627	13.8
2179	-0.995	35.3
2180	-0.380	41.9
2181	-0.632	36.2
2182	-0.476	40.6
2183	-0.745	40.9
2184	-0.914	34.0
2185	-0.432	61.7
2186	-0.840	55.9
2187	-0.277	14.4
2188	-0.700	36.8
2189	-0.520	13.5
2190	-0.724	9.3
2191	-0.878	23.2
2192	-0.664	13.0
2193	-0.404	24.2
2194	-0.414	54.1
2195	-0.681	45.0
2196	-0.838	39.4
2197	-0.350	15.1
2198	-0.272	60.7
2199	-0.180	41.0
2200	-0.521	78.1
2201	-0.552	6.8
2202	-0.812	35.9
2203	-0.643	2.2
2204	-0.423	25.2
2205	-0.760	17.4
2206	-0.617	13.0
2207	0.005	19.5
2208	-0.355	33.1
2209	-0.281	7.4
2210	-0.785	31.7
2211	-0.468	48.9
2212	-0.153	12.3
2213	-0.733	11.5
2214	-0.379	60.3
2215	-0.400	20.0
2216	-0.211	55.5
2217	-0.358	6.9
2218	-0.948	11.6
2219	-0.498	57.6
2220	-0.540	48.6
2221	-0.764	13.9
2222	-0.818	22.3
2223	-0.997	22.8
2224	-0.445	28.7
2225	0.040	35.4
2226	-0.515	1.3
2227	-0.468	7.6
2228	-0.523	36.4
2229	-0.744	1.2
2230	-0.492	30.3
2231	-0.264	55.7
2232	-0.446	66.2
2233	-1.207	2.1
2234	-0.686	34.4
2235	-0.288	0.1
2236	-0.732	28.7
2237	-0.061	18.1
2238	-0.886	16.1
2239	-0.493	53.4
2240	-0.657	52.7
2241	-0.587	4.8
2242	-0.733	13.0
2243	-0.707	68.8
2244	-0.875	43.1
2245	-0.647	46.8
2246	-0.449	31.0
2247	-0.577	9.6
2248	-0.347	22.8
2249	-0.652	48.8
2250	-0.738	63.6
2251	-0.905	11.9
2252	-0.219	28.2
2253	-0.478	46.9
2254	-0.455	10.5
2255	-0.119	13.6
2256	-0.422	44.8
2257	-0.299	41.4
2258	-0.496	55.5
2259	-0.580	3.5
2260	-0.709	46.8
2261	-0.225	32.7
2262	-0.224	31.0
2263	-0.800	42.1
2264	-0.501	29.8
2265	-0.590	7.0
2266	-0.469	5.3
2267	-0.613	9.2
2268	-0.485	46.5
2269	-0.694	18.2
2270	-0.722	15.0
2271	-0.875	12.1
2272	-0.494	65.0
2273	-0.646	33.8
2274	-0.799	30.7
2275	-0.317	16.2
2276	-0.668	17.0
2277	-0.313	17.9
2278	-0.209	17.8
2279	-0.702	53.5
2280	-0.883	32.5
2281	-0.482	64.3
2282	-0.361	12.2
2283	-0.572	13.1
2284	-0.813	8.5
2285	-0.818	24.7
2286	-0.452	6.0
2287	-0.462	16.0
2288	-0.479	30.4
2289	-0.321	54.9
2290	-0.656	8.0
2291	-0.181	20.5
2292	-0.243	24.1
2293	-0.991	29.0
2294	-0.705	7.0
2295	-0.602	9.9
2296	-0.560	28.9
2297	-0.516	42.1
2298	-0.455	56.7
2299	-0.687	46.2
2300	-0.709	64.3
2301	-0.561	12.3
2302	-0.600	11.0
2303	-0.518	44.4
2304	-1.011	6.4
2305	-0.790	41.6
2306	-0.611	20.9
2307	-0.823	57.8
2308	-0.763	56.4
2309	-0.307	20.7
2310	-0.723	25.2
2311	-0.375	33.0
2312	-0.646	20.4
2313	-0.196	20.1
2314	-1.066	65.2
2315	-0.385	22.7
2316	-0.441	38.2
2317	-0.782	23.0
2318	-0.551	42.1
2319	-0.400	48.3
2320	-0.829	0.0
2321	-0.328	47.1
2322	-0.170	40.7
2323	-0.575	8.7
2324	-0.458	49.4
2325	-0.554	38.0
2326	-0.175	33.4
2327	-0.339	70.1
2328	-0.495	60.1
2329	-0.798	14.5
2330	-0.692	18.7
2331	-0.702	2.4
2332	-0.415	43.7
2333	-0.748	23.6
2334	-0.476	28.1
2335	-0.505	6.3
2336	-0.848	19.0
2337	-0.787	9.0
2338	-0.581	8.4
2339	-0.676	48.7
2340	-0.658	21.2
2341	-0.558	47.0
2342	-0.865	18.5
2343	-0.488	62.9
2344	-0.571	13.1
2345	-0.879	41.5
2346	-0.397	59.6
2347	-0.142	75.6
2348	-0.971	52.5
2349	-0.233	40.8
2350	-0.513	8.2
2351	-0.853	2.4
2352	-0.834	3.8
2353	-0.529	60.7
2354	-0.330	31.7
2355	-0.123	41.8
2356	-0.930	51.0
2357	-0.383	10.1
2358	-0.567	40.6
2359	-0.644	15.8
2360	-0.419	61.9
2361	0.050	49.2
2362	-0.863	44.1
2363	-0.537	43.9
2364	-0.689	15.4
2365	-0.573	13.1
2366	-0.439	46.2
2367	-0.190	49.0
2368	-0.392	27.0
2369	-0.544	55.8
2370	-0.415	41.6
2371	-0.407	26.1
2372	-0.292	63.6
2373	-0.506	13.2
2374	-0.792	28.9
2375	-0.328	66.1
2376	-0.498	4.7
2377	-0.077	48.8
2378	-0.568	16.5
2379	-0.551	8.5
2380	-0.625	30.8
2381	-0.479	66.4
2382	-0.643	22.7
2383	-0.722	16.7
2384	-0.512	65.3
2385	-0.436	9.5
2386	-0.421	30.8
2387	-0.702	62.5
2388	-0.707	45.9
2389	-0.645	52.4
2390	-0.395	3.1
2391	-0.571	51.4
2392	-0.447	39.2
2393	-0.664	34.8
2394	-0.404	65.9
2395	-0.692	20.9
2396	-0.443	50.6
2397	-0.334	23.5
2398	-0.324	67.5
2399	-0.949	12.6
2400	-0.626	14.2
2401	-0.718	41.5
2402	-0.675	16.4
2403	-0.449	36.0
2404	-0.703	24.4
2405	-0.669	46.4
2406	-0.439	2.6
2407	-0.617	8.2
2408	-0.461	15.6
2409	-0.292	25.5
2410	-1.067	60.5
2411	-0.606	45.3
2412	-0.468	13.9
2413	-0.184	10.1
2414	-0.551	45.1
2415	-0.496	55.5
2416	-0.304	32.0
2417	-0.573	19.6
2418	-0.533	15.2
2419	-0.635	11.4
2420	-0.647	60.0
2421	-0.168	13.1
2422	-0.437	19.5
2423	-0.489	27.2
2424	-0.550	43.1
2425	-0.480	58.9
2426	-0.486	47.1
2427	-0.651	41.6
2428	-0.602	48.6
2429	-0.925	60.2
2430	-0.468	12.1
2431	-0.542	34.7
2432	-0.727	41.0
2433	-0.305	7.4
2434	-0.385	15.4
2435	-0.810	25.4
2436	-0.330	34.5
2437	-0.644	12.5
2438	-0.387	62.6
2439	-0.904	52.4
2440	-0.276	26.9
2441	-0.255	43.7
2442	-0.567	22.4
2443	-0.460	47.1
2444	-0.850	1.8
2445	-0.174	52.1
2446	-0.368	44.5
2447	-0.876	58.6
2448	-0.669	76.2
2449	-0.645	12.1
2450	-0.869	38.7
2451	-0.395	43.5
2452	-0.456	66.3
2453	-0.267	45.4
2454	-0.431	9.3
2455	-0.325	44.7
2456	-0.689	20.0
2457	-0.158	34.2
2458	-0.701	6.5
2459	-0.378	29.5
2460	-0.700	43.7
2461	-0.573	29.6
2462	-0.604	62.8
2463	-0.454	24.7
2464	-0.522	30.6
2465	-0.617	26.0
2466	-0.732	45.7
2467	-0.913	32.3
2468	-0.364	61.8
2469	-0.736	21.7
2470	-0.791	39.0
2471	-0.610	0.1
2472	-0.713	18.5
2473	-0.901	38.6
2474	-0.634	42.3
2475	-0.771	10.5
2476	-0.509	27.8
2477	-0.368	63.4
2478	-0.564	35.7
2479	-0.734	17.1
2480	-0.131	29.4
2481	-0.933	38.7
2482	-0.746	68.6
2483	-0.639	58.1
2484	-0.407	32.1
2485	-0.471	29.7
2486	-0.652	7.2
2487	-0.590	3.2
2488	-0.355	3.5
2489	-0.243	36.6
2490	-0.804	23.8
2491	-0.719	27.9
2492	-0.946	14.8
2493	-0.508	61.3
2494	-0.669	8.2
2495	-1.104	37.0
2496	-0.608	4.3
2497	-0.432	3.2
2498	-0.435	31.7
2499	-0.566	44.1
2500	-0.641	48.0
2501	-0.802	28.4
2502	-0.648	10.5
2503	-0.898	58.6
2504	-0.725	64.9
2505	-0.525	46.5
2506	-0.381	3.6
2507	-0.954	30.6
2508	-0.356	31.4
2509	-0.753	13.6
2510	-0.573	1.2
2511	-0.622	9.8
2512	-0.675	13.7
2513	-0.250	29.7
2514	-0.588	5.7
2515	-0.506	44.3
2516	-0.960	21.5
2517	-0.686	1.0
2518	-0.898	23.6
2519	-0.623	23.7
2520	-0.755	65.5
2521	-0.779	10.2
2522	-0.613	27.9
2523	-0.323	4.0
2524	-0.737	21.2
2525	-0.744	23.3
2526	-0.782	33.7
2527	-0.286	52.6
2528	-0.572	58.6
2529	-0.969	69.7
2530	-0.187	67.6
2531	0.068	52.6
2532	-0.485	8.5
2533	-0.338	51.3
2534	-0.651	30.9
2535	-0.453	45.6
2536	-0.534	20.0
2537	-0.810	37.5
2538	-0.274	40.7
2539	-0.577	57.8
2540	-0.867	43.0
2541	-0.600	64.1
2542	-0.322	35.8
2543	-0.326	26.1
2544	-0.807	57.5
2545	-0.914	23.2
2546	-0.816	47.0
2547	-0.774	4.4
2548	0.099	19.1
2549	-0.752	18.0
2550	-0.417	34.5
2551	-0.417	38.5
2552	-0.840	64.3
2553	-0.528	40.9
2554	-0.672	5.0
2555	-0.433	9.4
2556	-0.604	65.0
2557	-0.413	14.8
2558	-0.551	41.0
2559	-0.436	48.9
2560	-0.430	3.5
2561	-0.519	2.1
2562	-0.787	70.5
2563	-0.701	47.9
2564	-0.505	4.5
2565	-0.432	12.4
2566	-0.498	5.7
2567	-0.858	4.8
2568	-0.290	5.1
2569	-0.588	62.6
2570	-0.485	18.6
2571	-0.499	10.1
2572	-0.372	25.6
2573	-0.736	49.0
2574	-0.726	34.2
2575	-0.483	5.7
2576	-0.729	17.0
2577	-0.385	20.0
2578	-0.774	26.3
2579	-0.792	34.1
2580	-0.344	30.4
2581	-0.419	23.9
2582	-0.768	57.4
2583	-0.628	0.1
2584	-0.215	64.9
2585	-0.716	48.1
2586	-0.087	30.4
2587	-0.851	49.4
2588	-0.528	36.6
2589	-0.270	54.1
2590	-0.672	65.0
2591	-0.484	60.2
2592	-0.615	77.6
2593	-0.406	76.6
2594	-0.295	51.3
2595	-0.436	61.9
2596	-0.599	12.7
2597	-0.246	5.6
2598	-0.574	12.3
2599	-0.494	48.7
2600	-0.567	37.0
2601	-0.432	53.0
2602	-0.105	32.9
2603	-0.574	58.6
2604	-0.661	24.6
2605	-0.570	13.5
2606	-0.442	4.7
2607	-0.373	10.6
2608	-0.878	39.4
2609	-0.714	36.9
2610	-0.484	66.5
2611	-0.427	24.9
2612	-0.431	56.7
2613	-0.465	22.9
2614	-0.332	64.8
2615	-0.609	22.2
2616	-0.615	33.9
2617	-0.373	20.9
2618	-0.819	14.2
2619	-0.342	16.4
2620	-0.263	40.4
2621	-0.773	59.6
2622	-1.042	31.5
2623	-0.561	1.7
2624	-0.621	3.4
2625	-0.666	63.8
2626	-0.460	33.8
2627	-0.038	60.9
2628	-0.672	2.5
2629	-0.426	26.8
2630	-0.638	40.3
2631	-0.635	54.7
2632	-0.737	3.3
2633	-0.500	9.2
2634	-0.319	1.6
2635	-0.328	10.6
2636	-0.614	11.8
2637	-0.904	9.9
2638	-0.595	12.1
2639	-0.749	43.6
2640	-0.306	48.2
2641	-0.366	14.9
2642	-0.384	24.8
2643	-0.991	17.5
2644	-0.218	55.9
2645	-0.523	32.5
2646	-0.739	54.9
2647	-0.445	48.9
2648	-0.436	63.8
2649	-0.576	44.3
2650	-0.411	7.2
2651	-0.708	33.6
2652	-1.063	11.4
2653	-0.756	37.8
2654	-0.724	25.1
2655	-0.035	50.5
2656	-0.790	20.9
2657	-0.685	11.1
2658	-0.667	61.4
2659	-1.255	22.2
2660	-0.424	31.7
2661	-0.320	13.6
2662	-0.322	4.3
2663	-0.548	30.4
2664	-0.452	64.2
2665	-0.222	62.2
2666	-0.610	43.8
2667	-0.837	25.4
2668	-0.624	8.0
2669	-0.165	25.6
2670	-0.585	0.2
2671	-0.674	31.1
2672	-0.668	38.9
2673	-0.332	11.7
2674	-0.662	35.2
2675	-0.536	39.1
2676	-0.270	25.4
2677	-0.676	18.0
2678	-0.572	25.9
2679	-0.665	27.6
2680	-0.679	37.7
2681	-0.482	36.3
2682	-0.607	44.5
2683	-0.230	67.6
2684	-0.446	48.6
2685	-1.313	43.5
2686	-0.583	3.6
2687	-0.362	68.4
2688	-0.181	46.8
2689	-0.529	57.3
2690	-0.720	12.3
2691	-0.680	33.0
2692	-0.235	14.0
2693	-0.650	27.9
2694	-0.485	16.4
2695	-0.637	37.7
2696	-0.755	22.0
2697	-0.609	58.6
2698	-0.695	33.5
2699	-0.419	63.0
2700	-0.875	2.6
2701	-0.700	24.2
2702	-0.940	42.9
2703	-0.470	58.6
2704	-0.555	18.1
2705	-0.631	14.2
2706	-0.461	37.2
2707	-0.504	61.2
2708	-0.360	4.0
2709	-0.602	36.8
2710	-0.489	70.8
2711	-1.286	11.8
2712	-0.790	51.4
2713	-0.567	37.1
2714	-0.697	58.9
2715	-0.456	7.1
2716	-0.675	34.7
2717	0.031	11.9
2718	-0.296	43.1
2719	-0.532	11.5
2720	-0.429	65.9
2721	0.109	62.6
2722	-0.426	38.0
2723	-0.625	3.1
2724	-0.460	17.3
2725	-0.252	44.4
2726	-0.590	6.2
2727	-0.952	40.2
2728	-0.435	21.6
2729	-0.440	27.4
2730	-0.549	24.2
2731	-0.857	7.2
2732	-0.741	45.6
2733	-0.574	65.2
2734	-0.564	5.2
2735	-0.313	27.8
2736	-0.846	33.0
2737	-0.610	21.9
2738	-0.890	29.1
2739	-0.387	53.8
2740	-0.539	0.4
2741	-0.386	51.3
2742	-0.593	6.6
2743	-0.420	51.5
2744	-0.602	8.2
2745	-0.550	7.0
2746	-0.408	47.9
2747	-0.841	53.1
2748	-0.271	8.4
2749	-0.564	3.5
2750	-0.711	40.9
2751	-0.403	5.2
2752	-0.699	26.0
2753	-0.777	60.6
2754	-0.503	59.9
2755	-0.576	65.7
2756	-0.761	19.2
2757	-0.576	4.1
2758	-0.703	2.9
2759	-0.551	8.3
2760	-0.724	24.1
2761	-0.521	41.7
2762	-0.892	1.7
2763	-0.520	15.1
2764	-0.298	7.1
2765	-0.589	20.1
2766	-0.633	37.6
2767	-0.820	71.0
2768	-0.678	62.2
2769	-0.260	24.2
2770	-0.934	5.4
2771	-0.242	28.7
2772	-0.566	11.9
2773	-0.483	54.3
2774	-0.620	24.7
2775	-0.516	42.4
2776	-0.828	27.4
2777	-0.397	49.7
2778	-0.374	14.1
2779	-0.737	5.8
2780	-0.704	3.6
2781	-0.731	69.3
2782	-0.462	35.2
2783	-0.815	56.0
2784	-0.684	28.1
2785	-0.506	63.0
2786	-0.635	5.1
2787	-0.579	19.3
2788	-0.592	17.7
2789	-0.737	24.6
2790	-0.785	31.2
2791	-1.026	38.7
2792	-1.122	63.7
2793	-0.410	21.0
2794	-0.659	27.0
2795	-0.663	41.3
2796	-0.425	25.6
2797	-0.547	26.7
2798	-0.317	21.7
2799	-0.488	0.4
2800	-0.421	44.2
2801	-0.511	39.4
2802	-0.380	5.4
2803	-0.517	37.4
2804	-0.945	11.8
2805	-0.703	47.7
2806	-0.745	60.2
2807	-0.249	16.4
2808	-1.161	62.6
2809	-0.936	21.0
2810	-0.714	14.6
2811	-0.565	48.7
2812	-0.504	61.4
2813	-0.531	52.1
2814	-0.470	31.5
2815	-0.345	61.5
2816	-1.079	48.0
2817	-0.750	20.2
2818	-0.344	34.2
2819	-0.402	48.8
2820	-0.534	17.4
2821	-0.532	16.9
2822	-0.328	40.8
2823	-0.331	19.9
2824	-0.957	55.5
2825	-0.579	8.6
2826	-0.671	25.7
2827	-0.485	52.9
2828	-0.672	7.0
2829	-0.584	12.2
2830	-0.702	38.4
2831	-0.583	39.0
2832	-0.506	14.2
2833	-0.660	33.6
2834	-0.724	1.9
2835	-0.514	26.2
2836	-0.345	43.3
2837	-0.203	21.2
2838	-0.418	56.1
2839	-0.729	38.7
2840	-0.569	65.4
2841	-0.852	1.0
2842	-0.814	21.9
2843	-0.724	38.0
2844	-0.452	43.1
2845	-0.352	46.8
2846	-0.328	63.8
2847	-0.574	47.2
2848	-0.346	40.1
2849	-0.719	5.3
2850	-0.545	30.5
2851	-0.643	15.0
2852	-0.590	56.1
2853	-0.813	12.2
2854	-0.659	37.3
2855	-0.375	55.0
2856	-0.586	61.0
2857	-0.346	6.7
2858	-1.108	53.5
2859	-0.701	17.3
2860	-0.605	74.3
2861	-0.700	60.6
2862	-0.528	60.1
2863	-0.552	26.4
2864	0.135	41.2
2865	-0.142	22.9
2866	-0.368	17.6
2867	-0.807	49.7
2868	-0.520	2.9
2869	-0.639	28.8
2870	-0.432	58.5
2871	-0.803	9.5
2872	-0.805	35.1
2873	-0.381	28.1
2874	-0.598	31.3
2875	-0.349	42.2
2876	-1.101	13.5
2877	-0.504	23.7
2878	-0.654	17.3
2879	-0.390	6.7
2880	-0.871	1.3
2881	-0.328	10.6
2882	-0.684	34.4
2883	-0.696	8.2
2884	-0.658	27.1
2885	-1.021	19.0
2886	-0.781	29.0
2887	-0.938	50.6
2888	-0.033	34.4
2889	-0.677	20.9
2890	-0.424	45.7
2891	-0.763	24.4
2892	-0.711	36.1
2893	-0.758	5.1
2894	-0.399	24.1
2895	-0.359	0.0
2896	-0.907	15.5
2897	-1.093	36.1
2898	-0.111	33.2
2899	-0.396	64.0
2900	-0.759	1.9
2901	-0.615	51.5
2902	-0.612	14.5
2903	-0.686	0.1
2904	-1.023	36.3
2905	-0.532	44.5
2906	-0.269	70.2
2907	-0.479	61.0
2908	-0.325	48.2
2909	-0.514	49.9
2910	-0.777	60.6
2911	-0.373	61.9
2912	-0.359	42.9
2913	-0.620	12.9
2914	-0.735	4.2
2915	-0.631	1.9
2916	-0.813	66.4
2917	-0.836	28.5
2918	-0.609	56.9
2919	-0.671	17.9
2920	-0.407	4.6
2921	-0.400	33.1
2922	-0.634	17.5
2923	-0.924	11.0
2924	-0.250	1.2
2925	-0.543	49.0
2926	-0.289	54.8
2927	-0.356	48.5
2928	-0.469	52.2
2929	-0.516	28.6
2930	-0.789	10.8
2931	-0.982	4.2
2932	-0.391	24.5
2933	-0.414	33.2
2934	-0.615	10.4
2935	-0.253	46.2
2936	-0.980	28.8
2937	-0.974	62.5
2938	-0.421	6.3
2939	-0.648	39.8
2940	-0.742	47.1
2941	-0.328	29.1
2942	-0.576	61.3
2943	-0.772	13.4
2944	-0.687	32.7
2945	-0.775	9.8
2946	-0.396	42.5
2947	-0.546	16.0
2948	-0.496	8.4
2949	-0.638	67.2
2950	-1.030	43.3
2951	-0.362	43.3
2952	-0.485	18.7
2953	-0.677	43.5
2954	-0.582	8.7
2955	-0.511	64.4
2956	-0.637	25.6
2957	-0.367	29.6
2958	-0.738	46.2
2959	-0.685	13.9
2960	-0.244	42.4
2961	-0.674	39.6
2962	-0.222	0.2
2963	0.021	13.8
2964	-0.637	8.3
2965	-0.264	9.2
2966	-0.424	52.6
2967	-0.400	36.5
2968	-0.451	45.1
2969	-0.691	56.3
2970	-0.759	34.5
2971	-0.909	19.7
2972	-0.473	42.6
2973	-1.227	49.8
2974	-0.229	13.8
2975	-0.506	60.9
2976	-0.261	5.6
2977	-0.243	40.5
2978	-0.808	40.6
2979	-0.362	71.5
2980	-0.523	9.5
2981	-0.534	5.0
2982	-0.434	25.2
2983	-0.046	17.8
2984	-0.622	67.1
2985	-0.744	38.8
2986	-0.305	45.9
2987	-0.363	39.7
2988	-0.741	4.2
2989	-0.515	4.9
2990	-0.564	17.5
2991	-0.875	32.1
2992	-0.781	33.0
2993	-0.781	2.6
2994	-0.782	55.1
2995	-0.582	33.7
2996	-0.259	29.6
2997	-0.534	57.8
2998	-0.864	5.3
2999	-0.805	8.4
3000	-0.289	41.7
3001	-0.743	39.3
3002	-0.638	63.2
3003	-0.673	7.5
3004	-0.523	30.0
3005	-0.383	19.5
3006	-0.726	18.0
3007	-0.733	59.6
3008	-0.524	47.2
3009	-0.398	0.1
3010	-0.686	37.1
3011	-0.614	56.9
3012	-0.550	40.6
3013	-0.290	69.7
3014	0.071	24.0
3015	-0.707	3.9
3016	-0.491	15.2
3017	-0.655	41.1
3018	-0.669	18.4
3019	-0.384	4.2
3020	-1.043	30.2
3021	-0.474	10.3
3022	-0.576	45.8
3023	-0.366	41.0
3024	-0.391	38.6
3025	-0.507	65.6
3026	-0.334	21.5
3027	-0.933	41.7
3028	-0.426	3.8
3029	-0.517	42.4
3030	-1.102	11.2
3031	-0.667	18.7
3032	-1.033	16.1
3033	-0.699	0.8
3034	-0.503	36.4
3035	-0.707	50.9
3036	-0.293	9.4
3037	-0.700	13.1
3038	-0.655	59.5
3039	-0.096	46.1
3040	-0.610	0.9
3041	-0.063	12.3
3042	-0.801	23.4
3043	-0.174	9.2
3044	-0.215	58.3
3045	-0.609	50.0
3046	-0.306	29.7
3047	-0.396	26.0
3048	-0.484	49.2
3049	-0.645	22.6
3050	-0.654	20.8
3051	-0.317	0.2
3052	-0.383	6.3
3053	-0.807	66.1
3054	-0.619	17.8
3055	-0.333	6.6
3056	-0.558	53.6
3057	-0.775	12.7
3058	-0.701	1.2
3059	-0.557	19.6
3060	-1.039	58.4
3061	-0.488	14.6
3062	-0.515	4.2
3063	-0.535	5.4
3064	-0.730	63.0
3065	-0.660	65.5
3066	-0.356	26.7
3067	-0.374	20.2
3068	-0.475	80.1
3069	-0.705	62.2
3070	-0.608	49.9
3071	-0.561	61.3
3072	-0.666	13.4
3073	-0.603	21.7
3074	-0.546	4.7
3075	-0.410	49.2
3076	-0.653	44.7
3077	-0.733	43.0
3078	-0.659	37.8
3079	-0.737	51.0
3080	-0.793	72.4
3081	-0.215	14.8
3082	-0.679	22.8
3083	-0.602	54.9
3084	-0.170	3.1
3085	-0.356	35.2
3086	-0.393	32.6
3087	-0.690	59.7
3088	-0.790	69.8
3089	-0.574	21.7
3090	-0.535	38.9
3091	-0.128	63.5
3092	-0.667	6.5
3093	-0.805	8.6
3094	-0.416	8.0
3095	-0.332	18.3
3096	-0.562	23.3
3097	-0.428	2.3
3098	-0.351	52.0
3099	-0.604	34.1
3100	-0.965	1.7
3101	-0.658	13.6
3102	-0.569	4.0
3103	-1.046	51.1
3104	-0.596	4.6
3105	-0.653	63.1
3106	-0.534	19.9
3107	-0.380	31.1
3108	-0.554	24.4
3109	-0.606	58.0
3110	-0.705	57.6
3111	-0.509	68.1
3112	-0.255	2.4
3113	-0.248	24.6
3114	-0.670	19.1
3115	-0.677	5.0
3116	-0.761	15.7
3117	-0.479	21.8
3118	-0.905	11.8
3119	-0.549	55.2
3120	-0.568	3.7
3121	-0.307	49.9
3122	-0.331	21.6
3123	-0.621	56.4
3124	-0.746	40.8
3125	-0.435	57.9
3126	-0.354	73.9
3127	-0.497	46.6
3128	-0.645	19.2
3129	-0.088	54.4
3130	-0.614	21.9
3131	-0.508	13.0
3132	-0.550	14.9
3133	-0.499	26.4
3134	-0.299	13.5
3135	-0.590	37.8
3136	-0.496	50.8
3137	-0.492	16.8
3138	-0.851	34.1
3139	-0.502	37.3
3140	-0.415	10.1
3141	-0.329	42.1
3142	-0.422	55.2
3143	-0.581	46.7
3144	-0.756	2.2
3145	-0.875	42.2
3146	-0.340	5.7
3147	-0.429	1.9
3148	-0.631	12.1
3149	-0.633	35.7
3150	-0.160	29.5
3151	-0.696	32.0
3152	-0.952	42.1
3153	-0.615	32.5
3154	-0.316	20.3
3155	-0.308	48.7
3156	-0.339	55.4
3157	-0.585	17.0
3158	-0.428	29.7
3159	-0.245	21.5
3160	-0.121	13.6
3161	-0.911	49.2
3162	-0.401	16.3
3163	-0.447	8.2
3164	-0.593	56.4
3165	-0.809	32.9
3166	-0.628	14.5
3167	0.054	55.8
3168	-0.294	49.1
3169	-0.601	10.3
3170	-0.891	10.3
3171	-0.685	12.7
3172	-0.649	29.9
3173	-0.818	37.9
3174	-0.446	3.0
3175	-0.704	72.2
3176	-0.957	8.0
3177	-0.556	6.9
3178	-0.663	3.3
3179	-0.427	37.8
3180	-0.410	43.5
3181	-0.529	35.8
3182	-0.268	24.4
3183	-0.472	12.6
3184	-0.375	61.7
3185	-0.651	5.7
3186	-0.279	20.8
3187	-0.625	9.7
3188	-0.347	18.9
3189	-0.408	28.4
3190	-0.753	53.9
3191	-0.632	48.3
3192	-0.702	26.0
3193	-0.507	24.3
3194	-0.472	28.7
3195	-0.752	24.2
3196	-0.820	57.1
3197	-0.634	28.3
3198	-0.182	23.2
3199	-0.615	3.4
3200	-0.924	24.1
3201	-0.940	45.3
3202	-0.818	48.0
3203	-0.354	38.6
3204	-0.642	31.2
3205	-0.636	46.1
3206	-0.929	68.2
3207	-0.643	2.2
3208	-0.577	61.5
3209	-0.653	0.6
3210	-0.398	35.4
3211	-0.540	30.4
3212	-0.427	16.6
3213	-0.715	9.4
3214	-0.482	53.3
3215	-0.487	61.0
3216	-0.635	15.1
3217	-0.368	23.8
3218	-0.674	68.1
3219	-0.507	38.3
3220	-0.657	53.5
3221	-0.725	51.4
3222	-0.634	33.4
3223	-0.395	5.7
3224	-0.430	0.3
3225	-0.778	1.6
3226	-0.234	7.5
3227	-0.403	62.3
3228	-0.256	50.1
3229	-0.168	3.0
3230	-0.529	46.9
3231	-0.235	53.5
3232	-0.811	11.3
3233	-0.774	56.5
3234	-0.518	26.3
3235	-1.085	16.1
3236	-0.717	19.5
3237	-0.620	48.8
3238	-0.568	29.5
3239	-0.595	22.3
3240	-0.381	51.0
3241	-0.499	1.4
3242	-0.329	24.3
3243	-0.505	13.3
3244	-0.322	26.2
3245	-0.772	55.7
3246	-0.620	19.3
3247	-0.614	54.4
3248	-0.557	28.1
3249	-0.740	68.7
3250	-0.536	36.4
3251	-0.591	38.7
3252	-0.312	14.0
3253	-0.455	9.1
3254	-0.705	6.8
3255	-0.459	23.3
3256	-0.399	65.9
3257	-0.458	21.6
3258	-0.503	1.6
3259	-0.412	59.8
3260	-0.669	9.5
3261	-0.418	6.5
3262	-0.706	53.5
3263	-0.506	29.2
3264	-0.521	28.2
3265	-0.684	71.1
3266	-0.531	27.2
3267	-0.726	21.7
3268	-0.691	9.8
3269	-0.469	31.3
3270	-0.583	17.5
3271	-0.610	13.1
3272	-0.497	36.4
3273	-0.699	35.3
3274	-0.618	4.0
3275	-0.729	56.2
3276	-0.695	29.3
3277	-0.229	20.2
3278	-0.649	60.4
3279	-0.718	9.1
3280	-0.574	4.0
3281	-0.396	39.2
3282	-0.481	32.5
3283	-1.004	16.1
3284	-0.623	23.4
3285	-0.781	52.8
3286	-0.497	25.8
3287	-0.591	40.8
3288	-0.694	20.6
3289	-0.870	47.7
3290	-0.270	67.7
3291	-0.944	4.8
3292	-0.173	18.9
3293	-0.778	63.3
3294	-0.558	39.0
3295	-0.200	24.1
3296	-0.528	12.8
3297	-0.767	8.1
3298	-0.628	26.6
3299	-0.720	8.5
3300	-0.267	29.9
3301	-0.118	46.5
3302	-0.584	78.1
3303	-0.606	62.6
3304	-0.481	18.3
3305	-0.752	13.2
3306	-0.752	25.5
3307	-0.727	30.4
3308	-0.416	36.5
3309	-0.733	47.1
3310	-0.509	34.6
3311	-0.769	26.7
3312	-0.655	6.3
3313	-0.657	50.0
3314	0.012	29.6
3315	-0.540	9.7
3316	-0.715	29.9
3317	-0.397	49.0
3318	-0.288	4.5
3319	-0.259	13.4
3320	-0.481	7.9
3321	-0.250	3.4
3322	-0.719	41.1
3323	-0.733	59.5
3324	-0.916	20.0
3325	-0.653	7.1
3326	-0.609	12.2
3327	-0.722	7.7
3328	-0.615	4.5
3329	-0.561	26.3
3330	-0.461	52.6
3331	-0.568	30.0
3332	-0.477	2.6
3333	-0.908	16.8
3334	-0.723	23.7
3335	-0.559	66.3
3336	-0.469	50.4
3337	-0.358	5.8
3338	-0.711	49.3
3339	-1.036	43.1
3340	-0.867	11.0
3341	-0.357	27.9
3342	-0.591	0.3
3343	-0.692	59.1
3344	-0.711	32.1
3345	-0.852	17.2
3346	-0.202	12.0
3347	-0.553	2.9
3348	-0.655	12.7
3349	-0.716	5.7
3350	-0.526	54.7
3351	-0.626	60.1
3352	-0.245	18.5
3353	-0.180	25.0
3354	-0.398	17.8
3355	-0.257	1.7
3356	-0.928	70.6
3357	-0.211	16.9
3358	-0.501	65.3
3359	-0.492	8.6
3360	-0.252	50.0
3361	-0.475	11.0
3362	-0.758	17.2
3363	-0.562	7.7
3364	-0.881	43.4
3365	-0.559	33.1
3366	-0.424	11.1
3367	-0.396	6.5
3368	-0.631	14.3
3369	-0.395	18.9
3370	-0.647	6.3
3371	-0.683	5.7
3372	-0.273	28.9
3373	-0.378	53.3
3374	-0.485	65.9
3375	-0.567	7.8
3376	-1.033	18.7
3377	-0.493	77.9
3378	-0.595	34.0
3379	-0.825	39.3
3380	-0.894	53.4
3381	-0.690	27.0
3382	-0.591	26.3
3383	-0.691	1.5
3384	-0.725	23.4
3385	-0.164	35.3
3386	-0.794	12.2
3387	-0.368	14.3
3388	-0.407	36.5
3389	-0.587	38.9
3390	-0.738	60.7
3391	-0.568	64.6
3392	-0.471	30.8
3393	-0.772	22.0
3394	-0.733	38.3
3395	-0.651	24.5
3396	-0.447	12.4
3397	-0.480	65.2
3398	-0.334	56.1
3399	-0.371	38.8
3400	-0.720	10.1
3401	-0.619	52.3
3402	-0.641	14.8
3403	-0.440	70.7
3404	-0.754	5.9
3405	-0.344	48.1
3406	-0.848	44.4
3407	-0.073	6.2
3408	-0.342	62.8
3409	-0.191	38.7
3410	-0.026	54.5
3411	-0.335	16.6
3412	-0.493	67.9
3413	-0.364	16.4
3414	-0.930	75.1
3415	-0.296	28.2
3416	-0.732	35.6
3417	-0.639	11.7
3418	-0.821	58.9
3419	-1.094	39.7
3420	-0.640	44.0
3421	-0.645	26.4
3422	-0.466	3.3
3423	-0.298	21.5
3424	-1.013	39.8
3425	-0.432	37.8
3426	-0.355	28.5
3427	-0.454	11.2
3428	-0.744	57.1
3429	-0.188	4.0
3430	-0.457	43.2
3431	-0.649	3.9
3432	-0.466	39.6
3433	-0.313	60.2
3434	-0.531	6.2
3435	-0.134	20.2
3436	-1.019	17.9
3437	-0.946	62.0
3438	-0.531	10.3
3439	-0.283	68.4
3440	-0.683	1.6
3441	-0.117	43.7
3442	-0.621	2.7
3443	-0.571	21.1
3444	-0.212	40.3
3445	-0.496	39.4
3446	-0.817	44.7
3447	-0.767	33.6
3448	-0.422	2.4
3449	-0.671	50.1
3450	-0.671	61.1
3451	-0.712	46.3
3452	-0.292	57.2
3453	-0.455	8.6
3454	-0.857	48.1
3455	-0.705	57.0
3456	-0.793	6.6
3457	-0.136	69.2
3458	-0.528	10.3
3459	-0.940	41.1
3460	-0.560	52.0
3461	-0.678	46.2
3462	-0.481	50.7
3463	-0.322	44.1
3464	-0.708	53.8
3465	-0.653	71.7
3466	-0.794	65.4
3467	-0.546	15.2
3468	-0.518	37.8
3469	-0.354	17.1
3470	-0.476	75.2
3471	-0.454	21.1
3472	-0.537	15.6
3473	-0.533	22.6
3474	-0.739	3.9
3475	-0.508	25.9
3476	-0.582	41.4
3477	-0.764	67.2
3478	-0.630	44.2
3479	-0.490	23.1
3480	-0.776	14.9
3481	-0.296	26.0
3482	-0.707	44.4
3483	-0.502	61.0
3484	-0.663	52.0
3485	-0.925	46.5
3486	0.053	46.8
3487	-0.639	44.8
3488	-0.823	49.0
3489	-0.589	73.8
3490	-0.324	29.5
3491	-0.602	38.1
3492	-0.384	18.4
3493	-0.673	63.2
3494	-0.602	24.5
3495	-0.523	54.2
3496	-0.731	13.1
3497	-0.398	33.8
3498	-0.613	56.7
3499	-0.429	28.2
3500	-0.349	24.2
3501	-0.648	17.1
3502	-0.473	1.0
3503	-0.412	14.6
3504	-0.630	40.1
3505	-0.546	47.9
3506	-0.655	67.8
3507	-0.677	14.9
3508	-0.576	33.8
3509	-0.635	9.9
3510	-0.316	44.4
3511	-0.738	58.2
3512	-0.646	37.2
3513	-0.419	10.9
3514	-0.659	47.9
3515	-0.704	12.9
3516	-0.617	46.5
3517	-0.611	14.0
3518	-0.316	9.3
3519	-0.663	15.7
3520	-0.434	43.1
3521	-0.459	17.5
3522	-0.100	12.2
3523	-0.544	18.7
3524	-0.333	28.5
3525	-0.840	55.2
3526	-0.570	32.8
3527	-0.798	70.5
3528	-0.683	61.6
3529	-0.817	11.7
3530	-0.616	1.4
3531	-0.333	77.7
3532	-0.702	72.0
3533	-0.470	0.6
3534	-0.534	39.8
3535	-0.693	22.3
3536	-0.803	17.8
3537	-0.912	39.3
3538	-0.692	43.8
3539	-0.606	22.2
3540	-0.531	23.9
3541	-0.409	4.0
3542	-0.261	55.0
3543	-0.483	19.1
3544	-0.597	21.8
3545	-0.617	2.5
3546	-0.784	58.5
3547	-0.703	48.1
3548	-0.304	24.8
3549	-0.306	25.3
3550	-0.531	56.4
3551	-0.339	21.2
3552	-0.642	2.4
3553	-0.660	39.7
3554	-0.888	8.6
3555	-0.309	25.7
3556	-0.388	13.2
3557	-0.623	6.1
3558	-0.213	58.0
3559	-0.957	53.9
3560	-0.352	41.0
3561	-0.181	66.8
3562	0.060	56.1
3563	-0.476	36.6
3564	-0.710	36.3
3565	-0.551	25.9
3566	-0.957	11.8
3567	-0.493	1.5
3568	-0.832	15.2
3569	-0.444	16.6
3570	-0.709	17.1
3571	-0.580	0.6
3572	-0.610	10.1
3573	-0.557	34.2
3574	-0.717	27.6
3575	-0.299	26.7
3576	-0.866	32.1
3577	-0.564	11.1
3578	-0.176	1.6
3579	-0.690	19.8
3580	-0.421	62.6
3581	-0.406	41.4
3582	-0.470	10.9
3583	-0.231	60.2
3584	-0.474	59.1
3585	-0.616	26.6
3586	-0.278	42.9
3587	-0.303	61.4
3588	-0.207	26.0
3589	-0.159	27.1
3590	-0.529	1.2
3591	-0.474	54.3
3592	-0.485	2.6
3593	-0.721	1.7
3594	-0.426	32.5
3595	-0.537	27.9
3596	-0.673	45.7
3597	-0.350	28.0
3598	-0.464	31.8
3599	-0.223	16.3
3600	-0.522	26.5
3601	-0.822	31.8
3602	-0.886	12.8
3603	-0.358	50.8
3604	-0.767	42.3
3605	-0.542	13.2
3606	-0.494	3.8
3607	-0.771	49.0
3608	-0.702	37.5
3609	-0.482	52.9
3610	-0.924	57.8
3611	-0.702	29.5
3612	-0.279	30.2
3613	-0.797	39.5
3614	-0.461	22.0
3615	-0.588	33.0
3616	-0.409	33.7
3617	-0.602	44.5
3618	-0.467	40.4
3619	-0.324	27.2
3620	-0.229	15.1
3621	-0.420	7.5
3622	-0.973	25.0
3623	-0.275	28.9
3624	-0.646	62.1
3625	-0.059	66.3
3626	-0.690	24.3
3627	-0.689	74.1
3628	-0.235	55.9
3629	-0.446	40.9
3630	-0.732	25.2
3631	-0.408	12.6
3632	-0.832	37.7
3633	-0.799	16.4
3634	-0.123	1.1
3635	-1.049	16.3
3636	-0.659	34.2
3637	-0.581	33.7
3638	-0.653	25.0
3639	-0.624	9.3
3640	-0.746	0.9
3641	-0.974	0.9
3642	-0.694	62.8
3643	-0.421	47.8
3644	-0.403	25.2
3645	-0.856	57.6
3646	-0.423	52.3
3647	-0.542	24.9
3648	-0.546	14.8
3649	-0.675	32.7
3650	-0.641	51.6
3651	-0.579	41.9
3652	-0.742	2.6
3653	-0.598	27.1
3654	-0.652	0.0
3655	-0.654	12.9
3656	-0.739	12.4
3657	-0.335	70.1
3658	-0.483	53.7
3659	-0.612	18.2
3660	-0.701	35.1
3661	-0.332	20.1
3662	-0.834	10.5
3663	-0.584	33.0
3664	-0.651	40.7
3665	-0.644	32.5
3666	-0.507	77.5
3667	-0.538	20.0
3668	-0.884	64.8
3669	-0.331	49.8
3670	-0.645	6.3
3671	-0.437	11.5
3672	-0.806	44.3
3673	-0.709	45.7
3674	-0.588	20.8
3675	-0.729	25.4
3676	-0.737	18.7
3677	-0.626	29.1
3678	-0.488	3.7
3679	-0.339	35.8
3680	-0.630	0.4
3681	0.066	30.5
3682	-0.406	57.4
3683	-0.587	62.5
3684	-0.573	51.4
3685	-0.471	40.5
3686	-0.179	28.8
3687	-0.918	22.2
3688	-0.796	5.3
3689	-0.758	42.4
3690	-0.648	49.4
3691	-0.402	27.7
3692	-0.803	44.4
3693	-0.577	23.7
3694	-0.716	48.2
3695	-0.727	37.2
3696	-0.669	15.1
3697	-0.198	64.0
3698	-0.324	11.0
3699	-0.396	44.3
3700	-0.782	18.4
3701	-0.364	31.7
3702	-0.685	3.0
3703	-0.496	17.9
3704	-0.812	23.7
3705	-0.596	14.3
3706	-0.741	0.1
3707	-0.125	15.2
3708	-0.122	51.2
3709	-0.556	27.4
3710	-0.524	31.6
3711	-0.519	52.7
3712	-0.799	20.0
3713	-0.705	36.4
3714	-0.174	59.5
3715	-0.578	10.2
3716	-0.356	13.4
3717	-0.587	4.9
3718	-0.664	22.9
3719	-0.501	65.0
3720	-0.940	58.9
3721	-0.493	11.8
3722	-0.184	26.3
3723	-0.630	42.4
3724	-0.266	43.7
3725	-0.261	56.8
3726	-0.357	18.8
3727	-0.402	29.7
3728	-0.443	41.9
3729	-0.620	26.1
3730	-0.621	16.2
3731	-0.844	24.6
3732	-1.103	41.0
3733	-0.532	13.4
3734	-1.046	7.4
3735	-0.203	46.7
3736	-0.802	52.5
3737	-0.535	5.0
3738	-0.810	36.9
3739	-0.795	30.5
3740	-0.537	59.5
3741	-0.228	19.0
3742	-0.685	2.8
3743	-0.417	21.7
3744	-0.484	24.5
3745	-0.335	0.2
3746	-0.700	53.9
3747	-0.514	13.2
3748	-0.207	39.5
3749	-0.333	36.2
3750	-0.678	20.2
3751	-0.210	68.2
3752	-0.267	61.2
3753	-0.665	64.7
3754	-0.905	29.7
3755	-0.538	59.6
3756	-0.897	4.6
3757	-0.126	71.8
3758	-0.453	51.6
3759	-0.577	13.4
3760	-0.630	64.6
3761	-0.798	41.7
3762	-0.247	13.9
3763	-0.819	0.3
3764	-0.503	24.8
3765	-0.820	6.7
3766	-0.535	53.8
3767	-0.703	9.7
3768	-0.316	28.9
3769	-0.963	31.4
3770	-0.532	5.6
3771	-0.476	15.8
3772	-0.362	59.7
3773	-0.660	25.9
3774	-0.432	25.9
3775	-0.491	45.4
3776	-0.381	26.7
3777	-0.497	44.5
3778	-0.337	4.3
3779	-0.515	69.5
3780	-0.635	13.2
3781	-0.384	59.8
3782	-0.793	65.6
3783	-0.812	25.5
3784	-0.887	27.1
3785	-0.191	8.3
3786	-0.664	36.4
3787	-0.736	41.9
3788	-0.437	26.2
3789	-0.519	13.2
3790	-0.536	13.4
3791	-0.537	24.8
3792	-0.650	59.0
3793	-0.722	16.6
3794	-0.570	42.2
3795	-0.782	45.0
3796	-0.259	3.3
3797	-0.786	43.9
3798	-0.368	14.8
3799	-0.937	17.4
3800	-0.458	24.8
3801	-0.641	47.5
3802	-0.504	43.4
3803	-0.677	55.1
3804	-0.888	54.5
3805	-0.603	24.9
3806	-0.364	76.9
3807	-0.561	14.3
3808	-0.721	19.8
3809	-0.841	26.8
3810	-0.450	70.9
3811	-0.556	25.8
3812	-0.594	60.9
3813	-0.434	66.4
3814	-0.831	10.7
3815	-0.598	47.2
3816	-0.606	60.1
3817	-0.562	24.7
3818	-0.373	12.5
3819	-0.331	3.5
3820	-0.864	47.5
3821	-0.650	17.2
3822	-0.436	57.9
3823	-0.259	66.2
3824	-0.383	45.1
3825	-0.358	3.8
3826	-0.630	34.0
3827	-0.317	36.5
3828	-0.379	9.2
3829	-0.577	7.6
3830	-0.646	65.0
3831	-0.300	59.5
3832	-0.182	6.9
3833	-0.109	65.2
3834	-0.666	5.6
3835	-0.743	64.7
3836	-0.566	52.7
3837	-0.271	23.3
3838	-0.679	14.4
3839	-0.496	21.2
3840	-0.158	4.5
3841	-0.908	20.4
3842	-0.532	46.0
3843	-0.394	29.5
3844	-0.560	57.3
3845	-0.376	2.7
3846	-0.563	22.8
3847	-0.444	47.4
3848	-0.435	33.1
3849	-0.504	14.7
3850	-0.625	23.6
3851	-0.509	66.6
3852	-0.611	34.1
3853	-0.258	52.9
3854	-0.585	38.8
3855	-0.493	22.7
3856	-0.613	30.4
3857	-0.659	70.1
3858	-0.512	25.1
3859	-0.737	54.4
3860	-0.380	32.6
3861	-0.714	41.6
3862	-0.491	8.9
3863	-0.549	56.1
3864	-0.809	9.3
3865	-0.633	41.2
3866	-0.774	14.5
3867	-0.462	52.8
3868	-0.596	7.3
3869	-0.919	50.0
3870	-0.256	72.7
3871	-0.211	56.3
3872	-0.510	42.5
3873	-0.444	9.9
3874	-0.858	22.8
3875	-0.645	8.3
3876	-0.830	40.2
3877	-0.332	13.9
3878	-0.566	26.8
3879	-0.723	0.5
3880	-0.810	8.9
3881	-0.490	13.4
3882	-0.968	0.2
3883	-0.375	52.7
3884	-0.359	1.3
3885	-0.548	45.4
3886	-0.464	21.7
3887	-0.363	29.1
3888	-0.240	58.2
3889	-0.379	25.4
3890	-0.500	54.4
3891	-0.653	20.5
3892	-0.663	27.6
3893	-0.557	7.5
3894	-0.498	26.5
3895	-0.732	1.8
3896	-0.771	50.1
3897	-0.412	10.2
3898	-0.465	56.9
3899	-0.616	11.1
3900	-0.575	55.3
3901	-0.226	11.9
3902	-0.834	39.6
3903	-0.504	63.3
3904	-0.852	52.0
3905	-0.689	46.5
3906	-0.580	16.4
3907	-0.775	69.5
3908	-0.513	22.5
3909	-0.308	18.7
3910	-0.776	26.0
3911	-0.790	21.5
3912	-0.458	45.3
3913	-0.262	21.2
3914	-0.441	58.1
3915	-0.327	29.0
3916	-0.331	11.5
3917	-0.628	49.7
3918	-0.704	33.6
3919	-0.665	2.7
3920	-0.931	62.5
3921	-0.328	37.9
3922	-0.738	30.9
3923	-0.506	43.1
3924	-0.203	14.6
3925	-0.597	60.0
3926	-0.370	12.1
3927	-0.703	0.2
3928	-0.701	61.3
3929	-0.689	61.0
3930	-0.708	47.2
3931	-0.364	48.9
3932	-0.280	48.1
3933	-0.478	34.3
3934	-0.863	22.2
3935	-0.793	68.4
3936	-0.772	6.2
3937	-0.695	7.0
3938	-0.515	15.3
3939	-0.879	61.7
3940	-0.409	17.8
3941	-0.616	53.0
3942	-0.789	65.1
3943	-0.688	13.4
3944	-0.461	0.5
3945	-0.560	25.0
3946	-0.634	42.6
3947	-0.676	39.4
3948	-0.490	59.0
3949	-0.811	26.4
3950	-0.897	10.3
3951	-0.543	9.2
3952	-0.519	47.8
3953	-0.491	60.9
3954	-0.622	25.3
3955	-0.555	9.1
3956	-0.935	23.2
3957	-0.971	12.4
3958	-0.353	22.3
3959	-0.785	37.9
3960	-0.794	66.3
3961	-0.826	17.2
3962	-0.988	31.6
3963	-0.430	49.5
3964	-0.624	13.8
3965	-0.501	15.1
3966	-0.654	21.2
3967	-0.384	29.3
3968	-0.960	30.9
3969	-0.339	27.7
3970	-0.257	29.2
3971	-0.595	13.7
3972	-0.490	6.1
3973	-0.620	62.6
3974	-0.072	40.2
3975	-0.320	13.5
3976	-0.752	26.2
3977	-0.456	3.4
3978	-0.419	44.9
3979	-0.876	44.4
3980	-1.013	63.2
3981	-0.848	33.1
3982	-0.472	1.4
3983	-0.620	2.4
3984	-0.589	24.4
3985	-0.749	11.7
3986	-0.511	57.1
3987	-0.436	5.0
3988	-0.725	10.6
3989	-0.818	21.2
3990	-0.529	27.4
3991	-0.685	55.0
3992	-0.755	78.7
3993	-0.565	53.8
3994	-0.893	8.1
3995	-0.388	30.7
3996	-0.319	15.4
3997	-0.567	25.4
3998	-0.643	39.0
3999	-0.446	33.3
4000	-0.322	7.1
4001	-0.866	3.7
4002	-0.925	22.9
4003	-0.305	12.5
4004	-0.956	14.8
4005	-0.391	30.4
4006	-0.814	32.0
4007	-0.677	7.2
4008	-0.406	50.2
4009	-0.596	5.5
4010	-0.816	29.3
4011	-0.452	8.1
4012	-0.283	45.2
4013	-0.641	19.7
4014	-0.834	59.9
4015	-0.537	4.7
4016	-0.582	4.0
4017	-0.529	8.0
4018	-0.547	58.7
4019	-0.288	3.3
4020	-0.221	21.5
4021	-0.835	57.4
4022	-0.559	7.0
4023	-0.546	38.2
4024	-0.194	43.9
4025	-0.591	55.3
4026	-0.554	52.5
4027	-0.800	42.3
4028	-0.645	50.2
4029	-0.897	20.8
4030	-0.146	64.1
4031	-0.562	24.6
4032	-0.331	52.5
4033	-0.288	52.9
4034	-0.553	25.8
4035	-0.880	68.9
4036	-0.263	18.6
4037	-1.000	29.2
4038	-0.553	22.0
4039	-0.740	11.4
4040	-0.565	1.2
4041	-0.243	1.4
4042	-0.593	12.5
4043	-0.479	31.8
4044	-0.559	13.2
4045	-0.492	10.6
4046	-0.374	63.4
4047	-0.395	20.3
4048	-0.370	72.2
4049	-0.786	19.4
4050	-0.865	38.1
4051	-0.584	60.0
4052	-0.409	23.8
4053	-0.274	40.2
4054	-0.615	30.2
4055	-0.743	52.2
4056	-0.476	67.6
4057	-0.604	57.9
4058	-0.814	57.9
4059	-0.411	6.5
4060	-0.463	31.1
4061	-0.363	4.6
4062	-0.480	28.1
4063	-0.452	3.3
4064	-0.693	14.1
4065	-0.523	17.8
4066	-0.526	17.3
4067	-0.390	10.0
4068	-0.599	42.5
4069	-0.534	34.5
4070	-0.671	34.2
4071	-0.256	51.1
4072	-0.279	49.4
4073	-0.369	57.2
4074	-0.686	6.4
4075	-0.355	17.3
4076	-0.871	23.7
4077	-0.420	27.4
4078	-0.602	69.5
4079	-0.635	70.7
4080	-0.664	0.2
4081	-0.571	12.0
4082	-0.537	23.8
4083	-0.985	43.3
4084	-0.680	66.0
4085	-0.710	1.8
4086	-0.783	4.7
4087	-0.627	1.0
4088	-0.541	17.0
4089	-0.637	15.9
4090	-0.615	22.8
4091	-0.497	16.8
4092	-0.807	41.0
4093	-0.522	44.7
4094	-0.258	6.8
4095	-0.631	44.4
4096	-0.958	7.5
4097	-0.448	59.9
4098	-0.559	23.5
4099	-0.302	24.5
4100	-0.735	50.8
4101	-0.920	43.1
4102	-0.810	44.7
4103	-0.269	26.7
4104	-0.416	57.2
4105	-0.490	31.6
4106	-0.644	62.6
4107	-0.533	7.2
4108	-0.749	31.0
4109	-1.029	1.7
4110	-0.205	26.7
4111	-0.419	49.7
4112	-0.373	37.4
4113	-0.469	11.7
4114	-0.793	3.2
4115	-0.276	0.9
4116	-0.276	23.1
4117	-0.712	25.1
4118	-0.421	38.0
4119	-0.517	38.9
4120	-0.525	2.3
4121	-0.358	9.8
4122	-0.571	13.7
4123	-0.305	26.4
4124	-0.538	48.3
4125	-0.618	8.2
4126	-0.535	28.3
4127	-0.700	56.6
4128	-0.475	40.8
4129	-0.725	59.2
4130	-0.702	7.6
4131	-0.753	29.0
4132	-0.323	15.7
4133	-0.546	25.5
4134	-0.641	66.2
4135	-0.861	22.9
4136	-0.614	1.3
4137	-0.653	24.7
4138	-0.370	47.6
4139	-0.500	8.0
4140	-0.417	39.6
4141	-0.813	7.0
4142	-0.720	30.1
4143	-0.485	5.0
4144	-0.655	25.3
4145	-0.823	26.1
4146	-1.063	27.1
4147	-0.747	5.8
4148	-0.671	34.0
4149	-0.463	44.4
4150	-0.630	53.2
4151	-0.429	27.4
4152	-0.691	5.8
4153	-0.461	9.3
4154	-0.589	12.8
4155	-0.444	57.7
4156	-0.885	54.7
4157	-0.243	44.9
4158	-0.448	40.5
4159	-0.531	33.8
4160	-0.831	11.4
4161	-0.513	60.6
4162	-1.021	44.4
4163	-0.526	18.6
4164	-0.568	60.8
4165	-0.301	51.0
4166	-0.798	7.9
4167	-0.142	40.1
4168	-0.790	22.3
4169	-0.702	7.6
4170	-0.248	52.7
4171	-0.766	15.4
4172	-0.554	38.0
4173	-0.648	25.7
4174	-0.728	10.7
4175	-0.545	2.0
4176	-0.218	14.7
4177	-1.116	16.2
4178	-0.518	43.2
4179	-0.775	46.5
4180	-0.700	13.7
4181	-0.822	74.1
4182	-0.828	24.9
4183	-0.356	51.2
4184	-0.489	64.3
4185	-0.593	14.4
4186	-0.364	11.0
4187	-0.711	32.7
4188	-0.524	6.1
4189	-0.793	60.3
4190	-0.711	15.5
4191	-0.933	30.9
4192	-0.421	60.6
4193	-0.538	12.6
4194	-0.902	9.1
4195	-0.944	43.5
4196	-0.521	65.0
4197	-0.358	4.0
4198	-0.434	35.9
4199	-0.340	58.9
4200	-0.548	34.6
4201	-0.560	49.7
4202	-0.639	9.7
4203	-0.390	9.2
4204	-0.583	44.9
4205	-0.699	38.7
4206	-0.073	63.3
4207	-0.783	42.5
4208	-0.459	10.1
4209	-0.560	25.5
4210	-0.445	36.1
4211	-0.327	27.8
4212	-0.788	29.2
4213	-0.554	18.4
4214	-0.791	33.7
4215	0.022	14.3
4216	-0.508	58.1
4217	-0.272	14.7
4218	-0.354	64.0
4219	-0.707	0.6
4220	-0.550	40.5
4221	-0.698	15.3
4222	-0.672	37.9
4223	-0.625	25.8
4224	-0.778	34.2
4225	-0.632	65.1
4226	-0.658	14.9
4227	-0.462	13.8
4228	-0.556	21.9
4229	-0.358	55.8
4230	-0.620	21.4
4231	-0.578	25.9
4232	-0.584	21.7
4233	-0.666	15.2
4234	-0.690	11.9
4235	-0.895	25.9
4236	-0.536	14.5
4237	-0.370	49.2
4238	-1.277	21.8
4239	-0.448	3.0
4240	-0.496	26.9
4241	-0.427	22.1
4242	-0.365	64.4
4243	-0.237	8.0
4244	-0.771	29.0
4245	-0.662	27.9
4246	-0.481	30.1
4247	-0.909	21.0
4248	-0.554	61.8
4249	-0.436	48.8
4250	-0.455	40.2
4251	-0.608	47.8
4252	-0.506	8.5
4253	-0.585	23.6
4254	-0.192	26.4
4255	-0.856	67.3
4256	-0.688	1.4
4257	-0.820	7.8
4258	-0.596	7.1
4259	-0.317	51.3
4260	-0.327	50.3
4261	-1.000	5.2
4262	-0.466	11.2
4263	-0.344	63.6
4264	-0.582	18.4
4265	-0.210	31.4
4266	-0.573	1.3
4267	-0.459	63.4
4268	-0.602	37.4
4269	-0.436	36.9
4270	-0.449	1.1
4271	-0.184	50.1
4272	-0.599	3.0
4273	-0.839	58.6
4274	-0.742	58.1
4275	-0.408	12.2
4276	-0.493	30.0
4277	-0.981	2.3
4278	-0.452	16.1
4279	-0.686	17.5
4280	-0.414	21.8
4281	-0.332	20.4
4282	-0.631	45.9
4283	-1.065	76.7
4284	-0.168	1.1
4285	-0.392	14.3
4286	-0.679	49.8
4287	-0.838	46.5
4288	-0.400	49.5
4289	-0.423	17.8
4290	-0.550	5.5
4291	-0.700	24.6
4292	-1.001	21.1
4293	-0.942	39.6
4294	-0.307	46.7
4295	-0.624	48.7
4296	-0.592	48.1
4297	-0.373	60.3
4298	-0.624	67.8
4299	-0.528	39.0
4300	-0.612	33.5
4301	-0.746	49.3
4302	-0.567	31.2
4303	-0.536	64.3
4304	-0.366	33.2
4305	-0.527	6.3
4306	-0.679	38.9
4307	-0.896	49.3
4308	-0.676	70.1
4309	-0.232	16.0
4310	-0.200	51.3
4311	-0.778	3.1
4312	-0.426	62.0
4313	-0.447	9.8
4314	-0.500	47.2
4315	-0.167	8.1
4316	-0.547	1.0
4317	-0.646	37.9
4318	-0.426	68.2
4319	-0.385	5.2
4320	-0.372	37.7
4321	-0.500	3.4
4322	-0.531	2.5
4323	-0.495	62.7
4324	-0.687	61.6
4325	-0.666	17.4
4326	-0.454	34.1
4327	-0.315	20.8
4328	-0.430	5.5
4329	-0.772	32.3
4330	-0.345	42.4
4331	-0.536	17.2
4332	-0.421	56.1
4333	-0.721	50.2
4334	-0.591	27.8
4335	-0.542	10.7
4336	-0.889	6.6
4337	-0.734	0.7
4338	-0.878	74.0
4339	-0.267	3.6
4340	-0.752	36.5
4341	-0.721	8.6
4342	-0.637	46.1
4343	-0.546	58.9
4344	-0.495	4.7
4345	-0.424	0.2
4346	-0.666	34.6
4347	-0.571	46.3
4348	-0.428	66.9
4349	-0.465	1.1
4350	-0.259	68.8
4351	-0.696	3.3
4352	-0.360	41.0
4353	-0.469	44.9
4354	-0.479	36.6
4355	-0.651	21.8
4356	-0.464	38.8
4357	-0.641	8.8
4358	-0.474	4.2
4359	-0.793	12.6
4360	-0.573	11.1
4361	-0.501	27.0
4362	-0.826	30.5
4363	-0.779	21.2
4364	-0.720	13.7
4365	-0.477	44.1
4366	-0.407	56.5
4367	-0.441	8.3
4368	-0.666	39.1
4369	-0.623	68.6
4370	-0.561	13.2
4371	-0.451	2.8
4372	-0.781	54.1
4373	-0.650	22.2
4374	-0.388	3.2
4375	-0.612	60.2
4376	-0.568	34.7
4377	-0.866	50.9
4378	-0.486	8.3
4379	-0.326	52.3
4380	-0.470	25.8
4381	-0.407	17.0
4382	-0.731	29.4
4383	-0.296	61.7
4384	-0.550	37.0
4385	-0.651	69.1
4386	-0.668	35.3
4387	-0.788	6.0
4388	-0.580	24.6
4389	-0.561	27.3
4390	-0.204	37.0
4391	-0.743	16.5
4392	-0.645	58.0
4393	-0.577	40.7
4394	-0.544	9.9
4395	-0.712	50.7
4396	-0.826	17.9
4397	-0.507	13.1
4398	-0.417	23.7
4399	-0.427	44.9
4400	-0.790	45.9
4401	-0.517	50.7
4402	-0.617	14.0
4403	-0.506	8.6
4404	-0.886	46.1
4405	-0.594	45.7
4406	-0.702	14.1
4407	-0.831	46.9
4408	-0.602	4.1
4409	-0.610	14.6
4410	-0.713	4.5
4411	-0.471	45.1
4412	-0.453	56.5
4413	-0.252	62.0
4414	-0.781	36.1
4415	-0.872	61.0
4416	-0.244	39.8
4417	-0.396	17.5
4418	-1.051	17.6
4419	-0.354	23.4
4420	-0.582	16.1
4421	-0.549	2.3
4422	-0.554	4.8
4423	-0.782	47.7
4424	-0.536	33.9
4425	-0.481	16.2
4426	-0.726	8.8
4427	-0.275	19.6
4428	-0.832	26.5
4429	-0.606	40.6
4430	-0.421	1.5
4431	-0.615	14.8
4432	-0.013	14.3
4433	-0.743	34.1
4434	-0.546	48.2
4435	-0.537	53.0
4436	-0.490	11.0
4437	-0.825	46.5
4438	-0.587	5.7
4439	-0.692	30.8
4440	-0.362	18.8
4441	-0.553	55.1
4442	-0.625	33.6
4443	-0.659	18.7
4444	-0.467	55.0
4445	-0.283	29.9
4446	-0.439	0.6
4447	-0.714	8.3
4448	-0.417	10.8
4449	-1.012	38.8
4450	-0.405	5.2
4451	-0.585	61.5
4452	-0.811	8.6
4453	-0.903	29.1
4454	-0.498	65.6
4455	-0.740	1.2
4456	-0.560	7.0
4457	-0.587	36.3
4458	-0.475	40.7
4459	-0.900	13.4
4460	-0.710	50.6
4461	-0.441	37.6
4462	-0.635	43.5
4463	-0.799	48.6
4464	-0.793	29.4
4465	-0.236	24.9
4466	-0.399	50.0
4467	-0.715	7.8
4468	-0.597	18.6
4469	-0.785	59.4
4470	-0.772	16.6
4471	-0.414	41.5
4472	-0.352	5.8
4473	-0.489	63.1
4474	-0.363	14.0
4475	-0.455	27.7
4476	-0.512	52.8
4477	-0.871	65.6
4478	-0.572	33.8
4479	-0.486	62.4
4480	-0.693	12.1
4481	-0.734	7.2
4482	-0.579	43.7
4483	-0.444	67.4
4484	-0.566	6.2
4485	-0.571	37.0
4486	-0.605	6.5
4487	-0.601	48.0
4488	-1.001	7.7
4489	-0.261	13.0
4490	-0.630	42.7
4491	-0.755	30.7
4492	-0.684	26.3
4493	-0.586	0.1
4494	-0.639	13.4
4495	-0.381	59.4
4496	-0.386	35.1
4497	-0.410	6.3
4498	-0.613	44.6
4499	-0.587	13.4
4500	-0.064	11.0
4501	-0.219	40.7
4502	-0.984	20.7
4503	-0.955	18.5
4504	-0.388	15.1
4505	-0.487	20.7
4506	-0.625	47.4
4507	-0.251	8.4
4508	-0.240	38.0
4509	-0.437	33.5
4510	-0.631	42.1
4511	-0.216	49.5
4512	-0.475	34.9
4513	-0.278	47.4
4514	-0.585	69.2
4515	-0.631	17.4
4516	-0.633	13.6
4517	-0.665	9.3
4518	-0.563	15.3
4519	-0.776	8.8
4520	-1.197	40.4
4521	-0.700	44.3
4522	-0.230	33.9
4523	-0.496	40.3
4524	-0.587	39.2
4525	-0.457	7.6
4526	-0.389	60.5
4527	-0.536	68.1
4528	-0.401	0.2
4529	-0.433	4.6
4530	-0.958	0.7
4531	-0.489	31.2
4532	-0.741	47.4
4533	-0.552	49.4
4534	-0.532	45.6
4535	-0.506	49.8
4536	-0.556	25.7
4537	-0.192	32.3
4538	-0.390	57.7
4539	-0.541	48.8
4540	-0.372	17.4
4541	-0.277	28.9
4542	-0.543	49.8
4543	-0.184	44.5
4544	-0.566	50.2
4545	-0.666	43.5
4546	-0.676	59.3
4547	-0.511	65.7
4548	-0.422	6.4
4549	-0.346	28.3
4550	-0.451	25.3
4551	-0.985	29.4
4552	-0.688	53.5
4553	-0.403	25.8
4554	-0.108	68.6
4555	-0.600	26.7
4556	-0.701	15.3
4557	-0.656	7.5
4558	-0.407	30.9
4559	-0.315	12.8
4560	-0.688	39.7
4561	-0.337	51.7
4562	-0.736	66.5
4563	-0.388	27.1
4564	-0.585	39.5
4565	-0.448	38.1
4566	-0.606	5.7
4567	-0.840	49.2
4568	-0.620	21.8
4569	-0.606	62.4
4570	-0.447	1.8
4571	-0.480	47.7
4572	-0.352	51.6
4573	-0.775	21.3
4574	-0.371	62.6
4575	-0.602	48.1
4576	-1.029	57.8
4577	-0.754	12.6
4578	-0.363	48.0
4579	-0.576	30.6
4580	-0.600	7.7
4581	-0.517	5.3
4582	-0.438	22.5
4583	-0.703	41.8
4584	-0.546	32.6
4585	-0.648	25.2
4586	-0.653	20.4
4587	-0.584	46.3
4588	-0.638	45.2
4589	-0.634	17.8
4590	-0.562	28.1
4591	-0.470	9.2
4592	-0.482	20.5
4593	-0.713	48.5
4594	-0.506	40.7
4595	0.038	67.1
4596	-0.704	8.0
4597	-0.778	20.1
4598	-0.932	7.3
4599	-0.639	22.9
4600	-0.449	7.5
4601	-0.536	56.8
4602	-0.702	57.4
4603	-0.510	58.0
4604	-0.564	12.2
4605	-0.236	1.8
4606	-0.870	53.2
4607	-0.333	43.8
4608	-0.529	52.4
4609	-0.562	17.0
4610	-0.510	16.3
4611	-0.674	26.2
4612	-0.264	46.0
4613	-0.417	48.2
4614	-0.401	23.0
4615	-0.648	5.4
4616	-0.573	62.7
4617	-0.606	34.5
4618	-0.391	13.4
4619	-0.515	13.7
4620	-0.553	32.1
4621	-0.773	54.5
4622	-0.350	23.8
4623	-0.700	24.5
4624	-0.771	38.9
4625	-0.601	4.2
4626	-0.353	48.4
4627	-0.509	66.5
4628	-0.247	69.9
4629	-0.608	69.2
4630	-0.428	48.2
4631	-0.232	8.6
4632	0.052	15.2
4633	-0.611	51.5
4634	-0.605	29.0
4635	-0.668	25.0
4636	-0.590	15.2
4637	-0.921	32.2
4638	-0.606	29.5
4639	-0.476	55.1
4640	-0.730	67.9
4641	0.143	17.9
4642	-0.904	29.8
4643	-0.260	14.1
4644	-0.702	63.9
4645	-0.265	58.9
4646	-0.706	14.9
4647	-0.251	22.9
4648	-0.389	10.9
4649	-0.323	38.0
4650	-0.703	59.5
4651	-0.672	33.0
4652	-0.899	36.8
4653	-0.678	69.1
4654	-0.758	32.9
4655	-0.725	9.2
4656	-0.772	39.3
4657	-0.158	21.1
4658	-0.609	11.9
4659	-0.551	37.6
4660	-0.700	39.9
4661	-0.230	61.2
4662	-0.767	2.1
4663	-0.389	19.6
4664	-0.608	46.4
4665	-0.452	26.2
4666	-0.312	40.8
4667	-0.652	0.1
4668	-0.557	34.9
4669	-0.666	22.6
4670	-0.891	53.1
4671	-0.763	71.4
4672	-0.250	25.0
4673	-0.552	33.0
4674	-0.232	54.3
4675	-0.409	22.4
4676	-0.711	67.9
4677	-0.665	7.6
4678	-0.613	59.4
4679	-0.445	20.6
4680	-0.360	7.8
4681	-0.640	31.8
4682	-0.880	54.5
4683	-0.549	19.9
4684	-0.771	41.4
4685	-0.514	24.0
4686	-0.643	57.1
4687	-0.480	39.3
4688	-0.607	22.3
4689	-0.466	51.3
4690	-0.778	23.0
4691	-0.372	34.8
4692	-0.748	2.5
4693	-0.828	13.8
4694	-0.491	13.9
4695	-0.390	23.8
4696	-0.543	2.0
4697	-0.381	62.6
4698	-0.475	24.3
4699	-0.833	64.3
4700	-0.377	66.3
4701	-0.617	33.0
4702	-0.457	13.3
4703	-0.221	54.0
4704	-0.779	38.0
4705	-0.659	56.4
4706	-1.019	23.7
4707	-0.590	18.5
4708	-0.537	6.5
4709	-0.774	16.1
4710	-0.683	13.5
4711	-0.617	13.7
4712	-0.655	15.3
4713	-0.945	15.9
4714	-0.641	10.6
4715	-0.436	36.1
4716	-0.878	44.6
4717	-0.273	68.3
4718	-0.513	46.9
4719	-0.697	28.9
4720	-0.481	54.3
4721	-0.527	68.6
4722	-0.809	42.4
4723	-0.242	71.1
4724	-0.640	47.4
4725	-0.359	30.9
4726	-0.462	25.6
4727	-0.296	52.0
4728	-0.920	26.1
4729	-0.603	41.4
4730	-0.573	5.4
4731	-0.493	12.5
4732	-0.288	11.1
4733	-0.575	62.9
4734	-0.608	34.1
4735	-0.405	35.5
4736	-0.352	43.8
4737	-0.480	9.0
4738	-0.392	5.1
4739	-0.495	62.4
4740	-0.705	29.8
4741	-0.032	51.3
4742	-0.738	29.4
4743	-0.470	4.2
4744	-0.376	26.8
4745	-0.697	4.7
4746	-0.584	40.3
4747	-0.625	44.8
4748	-0.554	1.2
4749	-0.452	5.6
4750	-0.457	19.8
4751	-0.547	9.5
4752	-0.548	15.4
4753	-0.339	5.4
4754	-0.559	8.5
4755	-0.389	46.5
4756	-0.423	38.4
4757	-0.416	56.1
4758	-0.450	13.0
4759	-0.730	30.8
4760	-0.375	54.5
4761	-0.489	52.6
4762	-0.279	7.9
4763	-0.713	37.4
4764	-0.763	55.2
4765	-0.980	29.1
4766	-0.307	7.7
4767	-0.382	30.7
4768	-0.657	37.6
4769	-0.414	10.4
4770	-0.618	15.0
4771	-0.537	15.7
4772	-0.820	40.3
4773	-0.628	25.4
4774	-0.631	19.6
4775	-0.590	14.8
4776	-0.214	64.9
4777	-0.602	15.9
4778	-0.599	14.3
4779	-0.870	13.8
4780	-0.957	40.3
4781	0.020	43.3
4782	-0.647	25.7
4783	-0.539	22.9
4784	-0.477	16.0
4785	-0.312	7.2
4786	-0.558	40.5
4787	-1.006	5.9
4788	-0.218	7.3
4789	-0.462	32.0
4790	-0.711	55.5
4791	-0.664	3.3
4792	-0.451	68.0
4793	-0.978	25.5
4794	-0.745	52.1
4795	-0.360	64.0
4796	-0.597	36.0
4797	-0.547	24.4
4798	-0.712	55.0
4799	-0.537	54.6
4800	-0.620	65.6
4801	-0.626	24.6
4802	-0.590	48.7
4803	-0.619	60.8
4804	-0.513	6.8
4805	-0.280	32.9
4806	-1.118	26.3
4807	-0.684	21.9
4808	-0.757	34.0
4809	-0.614	35.6
4810	-0.777	60.4
4811	-0.549	15.0
4812	0.000	8.0
4813	-0.309	66.0
4814	-0.996	0.5
4815	-0.662	8.4
4816	-0.529	8.1
4817	-0.462	20.3
4818	-0.589	55.3
4819	-0.434	13.5
4820	-0.769	7.7
4821	-0.718	21.2
4822	-0.732	44.6
4823	-0.388	26.9
4824	-0.437	17.7
4825	-0.564	30.4
4826	-0.613	71.7
4827	-0.492	50.6
4828	-0.095	64.5
4829	-0.643	5.5
4830	-0.311	25.0
4831	-0.140	34.7
4832	-0.544	1.1
4833	-0.334	24.3
4834	-0.631	29.8
4835	-0.669	3.7
4836	-0.901	16.9
4837	-0.229	17.4
4838	-0.473	47.3
4839	-0.726	6.0
4840	-0.593	45.9
4841	-0.687	57.6
4842	-0.431	25.9
4843	-0.551	0.3
4844	-0.710	39.2
4845	-0.887	24.4
4846	-0.560	38.3
4847	-0.945	67.0
4848	-0.473	30.3
4849	-0.935	46.2
4850	-0.535	57.5
4851	-0.385	38.2
4852	-0.439	12.1
4853	-0.787	6.4
4854	-0.671	56.6
4855	-0.867	48.7
4856	-0.219	63.2
4857	-0.400	3.3
4858	-0.639	33.0
4859	-0.413	8.5
4860	-0.475	56.9
4861	-0.645	10.5
4862	-0.789	41.5
4863	-0.600	24.9
4864	-0.557	61.0
4865	-0.751	45.6
4866	-0.569	46.4
4867	-0.854	26.0
4868	-0.362	53.3
4869	-0.726	82.7
4870	-0.993	43.9
4871	-0.497	4.4
4872	-0.654	9.0
4873	-0.295	8.4
4874	-0.311	8.9
4875	-0.932	34.0
4876	-0.200	37.8
4877	-0.506	15.2
4878	-0.882	2.3
4879	-0.863	29.4
4880	-0.746	1.3
4881	-0.404	54.6
4882	-0.446	20.9
4883	-0.861	46.5
4884	-0.411	7.2
4885	-0.749	36.5
4886	-0.375	20.6
4887	-0.527	25.0
4888	-0.974	30.1
4889	-0.906	52.3
4890	-0.430	15.9
4891	-0.544	2.4
4892	-0.616	54.2
4893	-0.623	46.6
4894	-0.808	52.0
4895	-0.696	34.0
4896	-0.796	39.2
4897	-0.830	42.3
4898	-0.403	14.3
4899	-0.482	39.2
4900	-0.202	14.5
4901	-0.648	1.2
4902	-0.831	42.0
4903	-0.412	34.7
4904	-0.318	16.3
4905	-0.709	9.1
4906	-0.224	34.9
4907	-0.525	30.4
4908	-0.209	18.4
4909	-0.822	36.1
4910	-0.668	58.8
4911	-0.916	33.4
4912	-0.760	53.8
4913	-0.557	27.2
4914	-0.681	29.1
4915	-0.624	29.0
4916	-0.450	7.2
4917	-0.606	29.7
4918	-0.431	31.5
4919	-0.605	24.0
4920	-0.713	23.4
4921	-0.457	19.2
4922	-0.483	17.8
4923	-0.927	61.6
4924	-0.623	60.7
4925	-0.201	23.3
4926	-0.750	15.0
4927	-0.467	41.4
4928	-0.404	25.5
4929	-0.399	64.1
4930	-0.713	44.9
4931	-0.534	43.1
4932	-1.031	13.4
4933	-0.641	43.1
4934	-0.610	15.2
4935	-0.936	28.9
4936	-0.860	54.9
4937	-0.907	1.5
4938	-0.162	8.1
4939	-0.561	5.1
4940	-0.476	7.4
4941	-0.858	49.8
4942	-0.568	11.7
4943	-0.732	54.6
4944	-0.476	27.8
4945	-0.614	24.9
4946	-0.761	35.6
4947	-0.508	42.9
4948	-0.871	41.7
4949	-0.420	60.5
4950	-0.738	3.1
4951	-0.402	41.1
4952	-0.839	38.8
4953	-0.653	22.9
4954	-0.467	4.6
4955	-0.535	13.6
4956	-0.590	46.9
4957	-0.688	73.7
4958	-0.370	51.5
4959	-0.429	27.2
4960	-0.779	22.6
4961	-0.396	49.6
4962	-0.212	39.4
4963	-0.909	9.8
4964	-0.636	46.0
4965	-0.355	58.3
4966	-0.568	26.7
4967	-0.541	44.3
4968	-0.681	7.4
4969	-0.657	64.2
4970	-0.373	33.3
4971	-0.752	52.3
4972	-0.048	48.3
4973	-0.661	28.1
4974	-0.779	56.3
4975	-0.688	46.8
4976	-0.523	55.6
4977	-0.621	2.6
4978	-0.142	40.1
4979	-0.791	6.9
4980	-0.781	62.8
4981	-0.594	66.1
4982	-0.323	30.7
4983	-0.819	63.1
4984	-0.695	13.1
4985	-0.413	53.1
4986	-0.563	15.8
4987	-0.392	56.1
4988	-0.566	45.3
4989	-0.530	7.0
4990	-0.474	32.6
4991	-1.021	5.5
4992	-0.728	20.7
4993	-0.677	13.7
4994	-0.750	49.0
4995	-0.638	49.9
4996	-0.785	32.1
4997	-0.375	49.2
4998	-0.560	67.3
4999	-0.803	50.4
5000	-0.797	84.0
